,anomaly_type,type,is_clustered,ready,pre_script_start,pre_script_end,submit,stage_in_start,stage_in_end,stage_in_effective_bytes_per_sec,execute_start,execute_end,stage_out_start,stage_out_end,stage_out_effective_bytes_per_sec,post_script_start,post_script_end,wms_delay,pre_script_delay,queue_delay,runtime,post_script_delay,stage_in_delay,stage_in_bytes,stage_out_delay,stage_out_bytes,kickstart_user,kickstart_site,kickstart_hostname,kickstart_transformations,kickstart_executables,kickstart_executables_argv,kickstart_executables_cpu_time,kickstart_status,kickstart_executables_exitcode,kickstart_online_iowait,kickstart_online_bytes_read,kickstart_online_bytes_written,kickstart_online_read_system_calls,kickstart_online_write_system_calls,kickstart_online_utime,kickstart_online_stime,kickstart_online_bytes_read_per_second,kickstart_online_bytes_written_per_second
create_dir_pycbc-search_0_condorpool,None,auxiliary,0,1715230449.0,,,1715230450.0,,,0.0,1715230454.0,1715230460.0,,,0.0,1715230460.0,1715230465.0,1.0,,4.0,6.0,5.0,,,,,poseidon,local,poseidon-submit,pegasus::dirmanager,/mnt/poseidon-data/poseidon/pegasus-5.1.0panorama/bin/pegasus-transfer,pegasus-kickstart  -n pegasus::dirmanager -N null -i - -R local  -L pycbc-search -T 2024-03-27T21:26:08+00:00 pegasus-transfer,0.3,0,0,,,,,,,,,
create_dir_pycbc-search_0_local,None,auxiliary,0,1715230449.0,,,1715230450.0,,,0.0,1715230454.0,1715230460.0,,,0.0,1715230460.0,1715230465.0,1.0,,4.0,6.0,5.0,,,,,poseidon,local,poseidon-submit,pegasus::dirmanager,/mnt/poseidon-data/poseidon/pegasus-5.1.0panorama/bin/pegasus-transfer,pegasus-kickstart  -n pegasus::dirmanager -N null -i - -R local  -L pycbc-search -T 2024-03-27T21:26:08+00:00 pegasus-transfer,0.3,0,0,,,,,,,,,
page_segplot_ID46_ID0000047,None,compute,0,1715230465.0,,,1715230470.0,1715230489.0,1715230508.0,105706468.3,1715230488.0,1715230525.0,1715230516.0,1715230519.0,19616.0,1715230525.0,1715230530.0,5.0,,18.0,37.0,5.0,19.0,1379890407.0,3.0,54164.0,poseidon,condorpool,poseidon-worker-1-container-0-3,page_segplot_ID46,/usr/local/bin/pycbc_page_segplot,,3.0,0,0,,,,,,,,,
calculate_psd_ID38_ID0000039,None,compute,0,1715230465.0,,,1715230470.0,1715230489.0,1715230506.0,137454679.6,1715230488.0,1715230555.0,1715230541.0,1715230544.0,5959053.0,1715230555.0,1715230560.0,5.0,,18.0,67.0,5.0,17.0,1509359540.0,3.0,18080428.0,poseidon,condorpool,poseidon-worker-2-container-24-27,calculate_psd_ID38,/usr/local/bin/pycbc_calculate_psd,,29.9,0,0,0.1,1609461927.0,45372257.0,4989.0,1752.0,20.8,4.9,26824365.4,2268612.9
page_versioning_ID174_ID0000184,None,compute,0,1715230465.0,,,1715230470.0,1715230489.0,1715230500.0,123205961.0,1715230488.0,1715230590.0,1715230580.0,1715230583.0,17876.0,1715230590.0,1715230595.0,5.0,,18.0,102.0,5.0,11.0,1379880960.0,3.0,54037.0,poseidon,condorpool,poseidon-worker-2-container-28-31,page_versioning_ID174,/usr/local/bin/pycbc_page_versioning,,74.5,0,0,0.0,1636467756.0,2059464.0,265904.0,2248.0,7.4,2.6,11689055.4,14710.5
injections_ID123_ID0000132,None,compute,0,1715230465.0,,,1715230470.0,1715230489.0,1715230498.0,159907291.0,1715230488.0,1715230515.0,1715230504.0,1715230507.0,14215.0,1715230515.0,1715230520.0,5.0,,18.0,27.0,5.0,9.0,1379880960.0,3.0,40345.0,poseidon,condorpool,poseidon-worker-1-container-8-11,injections_ID123,/usr/local/bin/lalapps_inspinj,,0.2,0,0,,,,,,,,,
bank2hdf_ID0_ID0000001,None,compute,0,1715230465.0,,,1715230470.0,1715230489.0,1715230507.0,118390209.0,1715230488.0,1715230525.0,1715230514.0,1715230517.0,11400.0,1715230525.0,1715230530.0,5.0,,18.0,37.0,5.0,18.0,1379906606.0,3.0,33190.0,poseidon,condorpool,poseidon-worker-1-container-36-39,bank2hdf_ID0,/usr/local/bin/pycbc_coinc_bank2hdf,,2.1,0,0,,,,,,,,,
page_segtable_ID45_ID0000048,None,compute,0,1715230465.0,,,1715230470.0,1715230489.0,1715230509.0,99228796.3,1715230488.0,1715230530.0,1715230517.0,1715230520.0,875.0,1715230530.0,1715230535.0,5.0,,18.0,42.0,5.0,20.0,1379890267.0,3.0,2376.0,poseidon,condorpool,poseidon-worker-1-container-44-47,page_segtable_ID45,/usr/local/bin/pycbc_page_segtable,,3.0,0,0,,,,,,,,,
page_segtable_ID45_ID0000046,cpu_2,compute,0,1715230465.0,,,1715230470.0,1715230489.0,1715230505.0,141547908.3,1715230489.0,1715230525.0,1715230513.0,1715230516.0,921.0,1715230525.0,1715230530.0,5.0,,19.0,36.0,5.0,16.0,1379890407.0,3.0,2496.0,poseidon,condorpool,poseidon-worker-2-container-44-47,page_segtable_ID45,/usr/local/bin/pycbc_page_segtable,,2.7,0,0,,,,,,,,,
calculate_psd_ID38_ID0000040,None,compute,0,1715230465.0,,,1715230470.0,1715230489.0,1715230516.0,73329271.6,1715230488.0,1715230560.0,1715230550.0,1715230553.0,6005298.0,1715230560.0,1715230565.0,5.0,,18.0,72.0,5.0,27.0,1488783041.0,3.0,17717127.0,poseidon,condorpool,poseidon-worker-1-container-32-35,calculate_psd_ID38,/usr/local/bin/pycbc_calculate_psd,,29.0,0,0,0.0,680275087.0,28825.0,4759.0,33.0,19.6,5.2,13605501.7,2882.5
calculate_psd_ID38_ID0000041,None,compute,0,1715230465.0,,,1715230470.0,1715230489.0,1715230508.0,111855108.2,1715230488.0,1715230555.0,1715230543.0,1715230546.0,6062292.0,1715230555.0,1715230560.0,5.0,,18.0,67.0,5.0,19.0,1485630519.0,3.0,17785535.0,poseidon,condorpool,poseidon-worker-1-container-40-43,calculate_psd_ID38,/usr/local/bin/pycbc_calculate_psd,,29.1,0,0,0.1,661358597.0,28825.0,4758.0,33.0,19.9,5.0,13227171.9,2882.5
plot_segments_ID43_ID0000044,cpu_2,compute,0,1715230465.0,,,1715230470.0,1715230489.0,1715230508.0,106035922.5,1715230488.0,1715230525.0,1715230516.0,1715230519.0,8897.0,1715230525.0,1715230530.0,5.0,,18.0,37.0,5.0,19.0,1379884331.0,3.0,24223.0,poseidon,condorpool,poseidon-worker-2-container-40-43,plot_segments_ID43,/usr/local/bin/pycbc_page_segments,,2.7,0,0,,,,,,,,,
inj2hdf_ID124_ID0000133,None,compute,0,1715230520.0,,,1715230525.0,1715230526.0,1715230542.0,141403730.2,1715230526.0,1715230560.0,1715230549.0,1715230552.0,22938.0,1715230560.0,1715230565.0,5.0,,1.0,34.0,5.0,16.0,1379921305.0,3.0,63156.0,poseidon,condorpool,poseidon-worker-1-container-0-3,inj2hdf_ID124,/usr/local/bin/pycbc_convertinjfiletohdf,,2.3,0,0,,,,,,,,,
splitbank_ID1_ID0000002,None,compute,0,1715230530.0,,,1715230535.0,1715230536.0,1715230551.0,135601201.1,1715230535.0,1715230570.0,1715230559.0,1715230562.0,12041.0,1715230570.0,1715230575.0,5.0,,0.0,35.0,5.0,15.0,1379914150.0,3.0,33190.0,poseidon,condorpool,poseidon-worker-1-container-8-11,splitbank_ID1,/usr/local/bin/pycbc_hdf5_splitbank,,2.1,0,0,,,,,,,,,
splitbank_ID1_ID0000131,None,compute,0,1715230530.0,,,1715230535.0,1715230536.0,1715230551.0,142599815.6,1715230535.0,1715230570.0,1715230559.0,1715230561.0,12070.0,1715230570.0,1715230575.0,5.0,,0.0,35.0,5.0,15.0,1379914150.0,2.0,33190.0,poseidon,condorpool,poseidon-worker-1-container-36-39,splitbank_ID1,/usr/local/bin/pycbc_hdf5_splitbank,,2.0,0,0,,,,,,,,,
plot_bank_ID2_ID0000003,None,compute,0,1715230530.0,,,1715230535.0,1715230536.0,1715230552.0,134820338.2,1715230535.0,1715230570.0,1715230560.0,1715230563.0,8300.0,1715230570.0,1715230575.0,5.0,,0.0,35.0,5.0,16.0,1379914150.0,3.0,22779.0,poseidon,condorpool,poseidon-worker-1-container-44-47,plot_bank_ID2,/usr/local/bin/pycbc_plot_bank_bins,,2.9,0,0,,,,,,,,,
plot_range_ID42_ID0000043,None,compute,0,1715230565.0,,,1715230570.0,1715230571.0,1715230587.0,146439366.8,1715230570.0,1715230610.0,1715230597.0,1715230600.0,17483.0,1715230610.0,1715230615.0,5.0,,0.0,40.0,5.0,16.0,1433464050.0,3.0,49604.0,poseidon,condorpool,poseidon-worker-1-container-8-11,plot_range_ID42,/usr/local/bin/pycbc_plot_range,,4.0,0,0,,,,,,,,,
plot_spectrum_ID41_ID0000042,None,compute,0,1715230565.0,,,1715230570.0,1715230571.0,1715230587.0,142274140.4,1715230571.0,1715230610.0,1715230598.0,1715230601.0,104072.0,1715230610.0,1715230615.0,5.0,,1.0,39.0,5.0,16.0,1433464050.0,3.0,287143.0,poseidon,condorpool,poseidon-worker-1-container-36-39,plot_spectrum_ID41,/usr/local/bin/pycbc_plot_psd_file,,5.4,0,0,0.1,86367630.0,63083.0,13050.0,34.0,3.5,1.4,8636763.0,6308.3
optimal_snr_ID125_ID0000134,None,compute,0,1715230565.0,,,1715230570.0,1715230571.0,1715230588.0,145932951.2,1715230571.0,1715230615.0,1715230602.0,1715230604.0,18299.0,1715230615.0,1715230620.0,5.0,,1.0,44.0,5.0,17.0,1433527206.0,2.0,50176.0,poseidon,condorpool,poseidon-worker-1-container-0-3,optimal_snr_ID125,/usr/local/bin/pycbc_optimal_snr,,8.3,0,0,0.1,78313407.0,28374.0,10541.0,26.0,3.4,1.4,7831340.7,2837.4
optimal_snr_ID125_ID0000135,None,compute,0,1715230565.0,,,1715230570.0,1715230571.0,1715230588.0,128529751.7,1715230571.0,1715230615.0,1715230601.0,1715230604.0,18165.0,1715230615.0,1715230620.0,5.0,,1.0,44.0,5.0,17.0,1433527206.0,3.0,50176.0,poseidon,condorpool,poseidon-worker-1-container-44-47,optimal_snr_ID125,/usr/local/bin/pycbc_optimal_snr,,7.6,0,0,0.1,86757462.0,28374.0,11459.0,26.0,3.6,1.3,8675746.2,2837.4
inspiral-BBH_INJECTIONS-V1_ID130_ID0000139,None,compute,0,1715230575.0,,,1715230580.0,1715230581.0,1715230599.0,133672947.6,1715230581.0,1715230835.0,1715230824.0,1715230827.0,363897.0,1715230835.0,1715230840.0,5.0,,1.0,254.0,5.0,18.0,1509453055.0,3.0,1027062.0,poseidon,condorpool,poseidon-worker-1-container-40-43,inspiral-BBH_INJECTIONS-V1_ID130,/usr/local/bin/pycbc_inspiral,,219.6,0,0,0.1,803356631.0,28374.0,5415.0,26.0,209.0,5.9,1868271.2,2837.4
inspiral-BBH_INJECTIONS-L1_ID129_ID0000138,None,compute,0,1715230575.0,,,1715230580.0,1715230582.0,1715230599.0,142398443.4,1715230581.0,1715230795.0,1715230784.0,1715230787.0,357112.0,1715230795.0,1715230800.0,5.0,,1.0,214.0,5.0,17.0,1488876556.0,3.0,1002089.0,poseidon,condorpool,poseidon-worker-1-container-32-35,inspiral-BBH_INJECTIONS-L1_ID129,/usr/local/bin/pycbc_inspiral,,180.2,0,0,0.1,679868112.0,28374.0,5299.0,26.0,174.3,5.6,1888522.5,2837.4
inspiral-BBH_INJECTIONS-H1_ID128_ID0000137,None,compute,0,1715230575.0,,,1715230580.0,1715230581.0,1715230598.0,142146216.2,1715230581.0,1715230875.0,1715230863.0,1715230866.0,415060.0,1715230875.0,1715230880.0,5.0,,1.0,294.0,5.0,17.0,1485724034.0,3.0,1169407.0,poseidon,condorpool,poseidon-worker-2-container-24-27,inspiral-BBH_INJECTIONS-H1_ID128,/usr/local/bin/pycbc_inspiral,,260.0,0,0,0.0,661013602.0,1198012.0,5544.0,500.0,254.2,5.6,1271180.0,59900.6
inspiral-FULL_DATA-H1_ID3_ID0000004,None,compute,0,1715230575.0,,,1715230580.0,1715230590.0,1715230606.0,151145241.6,1715230589.0,1715230725.0,1715230716.0,1715230719.0,1840898.0,1715230725.0,1715230730.0,5.0,,9.0,136.0,5.0,16.0,1485660878.0,3.0,5728860.0,poseidon,condorpool,poseidon-worker-2-container-28-31,inspiral-FULL_DATA-H1_ID3,/usr/local/bin/pycbc_inspiral,,104.4,0,0,0.1,660736377.0,28374.0,4889.0,26.0,94.4,5.5,3303681.9,2837.4
inspiral-FULL_DATA-V1_ID5_ID0000006,None,compute,0,1715230575.0,,,1715230580.0,1715230592.0,1715230608.0,150026191.3,1715230591.0,1715230745.0,1715230733.0,1715230735.0,1748000.0,1715230745.0,1715230750.0,5.0,,11.0,154.0,5.0,16.0,1509389899.0,2.0,4941711.0,poseidon,condorpool,poseidon-worker-1-container-44-47,inspiral-FULL_DATA-V1_ID5,/usr/local/bin/pycbc_inspiral,,119.1,0,0,0.1,803126061.0,28374.0,4944.0,26.0,110.2,4.7,3491852.4,2837.4
inspiral-FULL_DATA-L1_ID4_ID0000005,None,compute,0,1715230575.0,,,1715230580.0,1715230592.0,1715230608.0,145151044.4,1715230591.0,1715230735.0,1715230726.0,1715230728.0,1874135.0,1715230735.0,1715230740.0,5.0,,11.0,144.0,5.0,16.0,1488813400.0,2.0,5318715.0,poseidon,condorpool,poseidon-worker-1-container-0-3,inspiral-FULL_DATA-L1_ID4,/usr/local/bin/pycbc_inspiral,,112.0,0,0,0.0,679661699.0,28374.0,4926.0,26.0,105.4,4.5,3089371.4,2837.4
stage_out_local_condorpool_0_0,None,transfer,0,1715230595.0,,,1715230600.0,,,0.0,1715230600.0,1715230610.0,1715230600.0,1715230604.0,52290.0,1715230610.0,1715230615.0,5.0,,0.0,10.0,5.0,,,4.0,210831.0,poseidon,local,poseidon-submit,pegasus::transfer,/mnt/poseidon-data/poseidon/pegasus-5.1.0panorama/bin/pegasus-transfer,pegasus-kickstart  -n pegasus::transfer -N null -i - -R local  -L pycbc-search -T 2024-03-27T21:26:08+00:00 pegasus-transfer  --threads 2,0.8,0,0,,,,,,,,,
register_condorpool_0_0,None,auxiliary,0,1715230615.0,,,1715230620.0,,,0.0,1715230620.0,1715230625.0,,,0.0,1715230625.0,1715230630.0,5.0,,0.0,5.0,5.0,,,,,poseidon,local,poseidon-submit,pegasus::rc-client,/mnt/poseidon-data/poseidon/pegasus-5.1.0panorama/bin/pegasus-rc-client,"pegasus-kickstart  -n pegasus::rc-client -N null -R local  -L pycbc-search -T 2024-03-27T21:26:08+00:00 /home/poseidon/pegasus-5.1.0panorama/bin/pegasus-rc-client --prefix pegasus.catalog.replica.output --conf /mnt/poseidon-data/poseidon/workflows/pycbc/search/poseidon/submit/poseidon/pegasus/pycbc-search/run0080/pegasus.17582139319119171220.properties -v --meta /mnt/poseidon-data/poseidon/workflows/pycbc/search/poseidon/submit/poseidon/pegasus/pycbc-search/run0080/00/00/injections_ID123_ID0000132.meta,/mnt/poseidon-data/poseidon/workflows/pycbc/search/poseidon/submit/poseidon/pegasus/pycbc-search/run0080/00/00/calculate_psd_ID38_ID0000041.meta,/mnt/poseidon-data/poseidon/workflows/pycbc/search/poseidon/submit/poseidon/pegasus/pycbc-search/run0080/00/00/page_segplot_ID46_ID0000047.meta,/mnt/poseidon-data/poseidon/workflows/pycbc/search/poseidon/submit/poseidon/pegasus/pycbc-search/run0080/00/00/calculate_psd_ID38_ID0000040.meta,/mnt/poseidon-data/poseidon/workflows/pycbc/search/poseidon/submit/poseidon/pegasus/pycbc-search/run0080/00/00/page_segtable_ID45_ID0000046.meta,/mnt/poseidon-data/poseidon/workflows/pycbc/search/poseidon/submit/poseidon/pegasus/pycbc-search/run0080/00/00/bank2hdf_ID0_ID0000001.meta,/mnt/poseidon-data/poseidon/workflows/pycbc/search/poseidon/submit/poseidon/pegasus/pycbc-search/run0080/00/00/plot_segments_ID43_ID0000044.meta,/mnt/poseidon-data/poseidon/workflows/pycbc/search/poseidon/submit/poseidon/pegasus/pycbc-search/run0080/00/00/calculate_psd_ID38_ID0000039.meta,/mnt/poseidon-data/poseidon/workflows/pycbc/search/poseidon/submit/poseidon/pegasus/pycbc-search/run0080/00/00/page_versioning_ID174_ID0000184.meta,/mnt/poseidon-data/poseidon/workflows/pycbc/search/poseidon/submit/poseidon/pegasus/pycbc-search/run0080/00/00/page_segtable_ID45_ID0000048.meta --insert /mnt/poseidon-data/poseidon/workflows/pycbc/search/poseidon/submit/poseidon/pegasus/pycbc-search/run0080/00/00/register_condorpool_0_0.in",3.1,0,0,,,,,,,,,
stage_out_local_condorpool_1_0,None,transfer,0,1715230615.0,,,1715230620.0,,,0.0,1715230620.0,1715230630.0,1715230620.0,1715230624.0,104788.0,1715230630.0,1715230635.0,5.0,,0.0,10.0,5.0,,,4.0,422682.0,poseidon,local,poseidon-submit,pegasus::transfer,/mnt/poseidon-data/poseidon/pegasus-5.1.0panorama/bin/pegasus-transfer,pegasus-kickstart  -n pegasus::transfer -N null -i - -R local  -L pycbc-search -T 2024-03-27T21:26:08+00:00 pegasus-transfer  --threads 2,0.6,0,0,,,,,,,,,
optimal_snr_merge_ID127_ID0000136,None,compute,0,1715230620.0,,,1715230625.0,1715230626.0,1715230642.0,143152119.6,1715230625.0,1715230660.0,1715230650.0,1715230653.0,22591.0,1715230660.0,1715230665.0,5.0,,0.0,35.0,5.0,16.0,1379981312.0,3.0,67932.0,poseidon,condorpool,poseidon-worker-1-container-0-3,optimal_snr_merge_ID127,/usr/local/bin/pycbc_merge_inj_hdf,,2.5,0,0,,,,,,,,,
register_condorpool_1_0,None,auxiliary,0,1715230635.0,,,1715230640.0,,,0.0,1715230640.0,1715230645.0,,,0.0,1715230645.0,1715230650.0,5.0,,0.0,5.0,5.0,,,,,poseidon,local,poseidon-submit,pegasus::rc-client,/mnt/poseidon-data/poseidon/pegasus-5.1.0panorama/bin/pegasus-rc-client,"pegasus-kickstart  -n pegasus::rc-client -N null -R local  -L pycbc-search -T 2024-03-27T21:26:08+00:00 /home/poseidon/pegasus-5.1.0panorama/bin/pegasus-rc-client --prefix pegasus.catalog.replica.output --conf /mnt/poseidon-data/poseidon/workflows/pycbc/search/poseidon/submit/poseidon/pegasus/pycbc-search/run0080/pegasus.17582139319119171220.properties -v --meta /mnt/poseidon-data/poseidon/workflows/pycbc/search/poseidon/submit/poseidon/pegasus/pycbc-search/run0080/00/00/splitbank_ID1_ID0000131.meta,/mnt/poseidon-data/poseidon/workflows/pycbc/search/poseidon/submit/poseidon/pegasus/pycbc-search/run0080/00/00/plot_bank_ID2_ID0000003.meta,/mnt/poseidon-data/poseidon/workflows/pycbc/search/poseidon/submit/poseidon/pegasus/pycbc-search/run0080/00/00/plot_spectrum_ID41_ID0000042.meta,/mnt/poseidon-data/poseidon/workflows/pycbc/search/poseidon/submit/poseidon/pegasus/pycbc-search/run0080/00/00/inj2hdf_ID124_ID0000133.meta,/mnt/poseidon-data/poseidon/workflows/pycbc/search/poseidon/submit/poseidon/pegasus/pycbc-search/run0080/00/00/splitbank_ID1_ID0000002.meta,/mnt/poseidon-data/poseidon/workflows/pycbc/search/poseidon/submit/poseidon/pegasus/pycbc-search/run0080/00/00/plot_range_ID42_ID0000043.meta --insert /mnt/poseidon-data/poseidon/workflows/pycbc/search/poseidon/submit/poseidon/pegasus/pycbc-search/run0080/00/00/register_condorpool_1_0.in",2.9,0,0,,,,,,,,,
hdf_trigger_merge_ID6_ID0000007,None,compute,0,1715230730.0,,,1715230735.0,1715230736.0,1715230753.0,135296144.6,1715230736.0,1715230770.0,1715230759.0,1715230762.0,2128177.0,1715230770.0,1715230775.0,5.0,,1.0,34.0,5.0,17.0,1385643010.0,3.0,6261399.0,poseidon,condorpool,poseidon-worker-1-container-0-3,hdf_trigger_merge_ID6,/usr/local/bin/pycbc_coinc_mergetrigs,,1.2,0,0,,,,,,,,,
hdf_trigger_merge_ID6_ID0000008,None,compute,0,1715230740.0,,,1715230745.0,1715230747.0,1715230763.0,135446367.4,1715230746.0,1715230780.0,1715230769.0,1715230772.0,2053296.0,1715230780.0,1715230785.0,5.0,,1.0,34.0,5.0,16.0,1385232865.0,3.0,5854288.0,poseidon,condorpool,poseidon-worker-2-container-28-31,hdf_trigger_merge_ID6,/usr/local/bin/pycbc_coinc_mergetrigs,,1.1,0,0,,,,,,,,,
hdf_trigger_merge_ID6_ID0000009,None,compute,0,1715230750.0,,,1715230755.0,1715230756.0,1715230771.0,141913542.1,1715230755.0,1715230790.0,1715230778.0,1715230781.0,1803541.0,1715230790.0,1715230795.0,5.0,,0.0,35.0,5.0,15.0,1384855861.0,3.0,5436276.0,poseidon,condorpool,poseidon-worker-1-container-0-3,hdf_trigger_merge_ID6,/usr/local/bin/pycbc_coinc_mergetrigs,,1.1,0,0,,,,,,,,,
fit_by_template_ID9_ID0000010,None,compute,0,1715230775.0,,,1715230780.0,1715230781.0,1715230797.0,135040632.6,1715230780.0,1715230815.0,1715230805.0,1715230808.0,8991.0,1715230815.0,1715230820.0,5.0,,0.0,35.0,5.0,16.0,1386178462.0,3.0,25432.0,poseidon,condorpool,poseidon-worker-1-container-0-3,fit_by_template_ID9,/usr/local/bin/pycbc_fit_sngls_by_template,,2.6,0,0,,,,,,,,,
fit_by_template_ID9_ID0000012,None,compute,0,1715230785.0,,,1715230790.0,1715230791.0,1715230807.0,132751462.2,1715230790.0,1715230825.0,1715230815.0,1715230818.0,9238.0,1715230825.0,1715230830.0,5.0,,0.0,35.0,5.0,16.0,1385771351.0,3.0,25432.0,poseidon,condorpool,poseidon-worker-2-container-28-31,fit_by_template_ID9,/usr/local/bin/pycbc_fit_sngls_by_template,,2.3,0,0,,,,,,,,,
plot_gating_ID44_ID0000045,None,compute,0,1715230795.0,,,1715230800.0,1715230802.0,1715230818.0,138426498.0,1715230801.0,1715230835.0,1715230825.0,1715230828.0,3353.0,1715230835.0,1715230840.0,5.0,,1.0,34.0,5.0,16.0,1397432923.0,3.0,9128.0,poseidon,condorpool,poseidon-worker-1-container-0-3,plot_gating_ID44,/usr/local/bin/pycbc_plot_gating,,2.4,0,0,,,,,,,,,
plot_throughput_ID63_ID0000064,None,compute,0,1715230795.0,,,1715230800.0,1715230802.0,1715230817.0,144370659.3,1715230801.0,1715230835.0,1715230826.0,1715230829.0,31942.0,1715230835.0,1715230840.0,5.0,,1.0,34.0,5.0,15.0,1397432923.0,3.0,88336.0,poseidon,condorpool,poseidon-worker-1-container-32-35,plot_throughput_ID63,/usr/local/bin/pycbc_plot_throughput,,3.4,0,0,,,,,,,,,
fit_by_template_ID9_ID0000014,None,compute,0,1715230795.0,,,1715230800.0,1715230815.0,1715230830.0,142160317.0,1715230814.0,1715230850.0,1715230838.0,1715230841.0,8371.0,1715230850.0,1715230855.0,5.0,,14.0,36.0,5.0,15.0,1385353339.0,3.0,25432.0,poseidon,condorpool,poseidon-worker-1-container-0-3,fit_by_template_ID9,/usr/local/bin/pycbc_fit_sngls_by_template,,2.6,0,0,,,,,,,,,
hdf_trigger_merge_ID6_ID0000141,None,compute,0,1715230800.0,,,1715230805.0,1715230822.0,1715230838.0,135469413.6,1715230821.0,1715230855.0,1715230844.0,1715230847.0,508238.0,1715230855.0,1715230860.0,5.0,,16.0,34.0,5.0,16.0,1380916239.0,3.0,1420071.0,poseidon,condorpool,poseidon-worker-1-container-0-3,hdf_trigger_merge_ID6,/usr/local/bin/pycbc_coinc_mergetrigs,,0.8,0,0,,,,,,,,,
fit_over_param_ID10_ID0000011,None,compute,0,1715230820.0,,,1715230825.0,1715230826.0,1715230841.0,143928920.8,1715230825.0,1715230860.0,1715230848.0,1715230851.0,10479.0,1715230860.0,1715230865.0,5.0,,0.0,35.0,5.0,15.0,1379939582.0,3.0,28880.0,poseidon,condorpool,poseidon-worker-2-container-28-31,fit_over_param_ID10,/usr/local/bin/pycbc_fit_sngls_over_multiparam,,1.8,0,0,,,,,,,,,
fit_over_param_ID10_ID0000013,None,compute,0,1715230830.0,,,1715230835.0,1715230836.0,1715230851.0,141466006.8,1715230835.0,1715230870.0,1715230858.0,1715230861.0,10499.0,1715230870.0,1715230875.0,5.0,,0.0,35.0,5.0,15.0,1379939582.0,3.0,28880.0,poseidon,condorpool,poseidon-worker-1-container-40-43,fit_over_param_ID10,/usr/local/bin/pycbc_fit_sngls_over_multiparam,,1.8,0,0,,,,,,,,,
hdf_trigger_merge_ID6_ID0000142,None,compute,0,1715230840.0,,,1715230845.0,1715230846.0,1715230862.0,135659695.1,1715230846.0,1715230880.0,1715230868.0,1715230871.0,513906.0,1715230880.0,1715230885.0,5.0,,1.0,34.0,5.0,16.0,1380941212.0,3.0,1446675.0,poseidon,condorpool,poseidon-worker-1-container-32-35,hdf_trigger_merge_ID6,/usr/local/bin/pycbc_coinc_mergetrigs,,0.8,0,0,,,,,,,,,
fit_over_param_ID10_ID0000015,None,compute,0,1715230855.0,,,1715230860.0,1715230862.0,1715230877.0,142662447.0,1715230861.0,1715230895.0,1715230884.0,1715230887.0,10172.0,1715230895.0,1715230900.0,5.0,,1.0,34.0,5.0,15.0,1379939582.0,3.0,28880.0,poseidon,condorpool,poseidon-worker-1-container-0-3,fit_over_param_ID10,/usr/local/bin/pycbc_fit_sngls_over_multiparam,,1.8,0,0,,,,,,,,,
hdf_trigger_merge_ID6_ID0000140,None,compute,0,1715230880.0,,,1715230885.0,1715230886.0,1715230902.0,139288252.7,1715230886.0,1715230920.0,1715230908.0,1715230911.0,519208.0,1715230920.0,1715230925.0,5.0,,1.0,34.0,5.0,16.0,1381083557.0,3.0,1595133.0,poseidon,condorpool,poseidon-worker-2-container-24-27,hdf_trigger_merge_ID6,/usr/local/bin/pycbc_coinc_mergetrigs,,0.9,0,0,,,,,,,,,
register_condorpool_2_0,None,auxiliary,0,1715230880.0,,,1715230885.0,,,0.0,1715230885.0,1715230890.0,,,0.0,1715230890.0,1715230895.0,5.0,,0.0,5.0,5.0,,,,,poseidon,local,poseidon-submit,pegasus::rc-client,/mnt/poseidon-data/poseidon/pegasus-5.1.0panorama/bin/pegasus-rc-client,"pegasus-kickstart  -n pegasus::rc-client -N null -R local  -L pycbc-search -T 2024-03-27T21:26:08+00:00 /home/poseidon/pegasus-5.1.0panorama/bin/pegasus-rc-client --prefix pegasus.catalog.replica.output --conf /mnt/poseidon-data/poseidon/workflows/pycbc/search/poseidon/submit/poseidon/pegasus/pycbc-search/run0080/pegasus.17582139319119171220.properties -v --meta /mnt/poseidon-data/poseidon/workflows/pycbc/search/poseidon/submit/poseidon/pegasus/pycbc-search/run0080/00/00/inspiral-BBH_INJECTIONS-L1_ID129_ID0000138.meta,/mnt/poseidon-data/poseidon/workflows/pycbc/search/poseidon/submit/poseidon/pegasus/pycbc-search/run0080/00/00/inspiral-FULL_DATA-V1_ID5_ID0000006.meta,/mnt/poseidon-data/poseidon/workflows/pycbc/search/poseidon/submit/poseidon/pegasus/pycbc-search/run0080/00/00/optimal_snr_ID125_ID0000134.meta,/mnt/poseidon-data/poseidon/workflows/pycbc/search/poseidon/submit/poseidon/pegasus/pycbc-search/run0080/00/00/inspiral-FULL_DATA-H1_ID3_ID0000004.meta,/mnt/poseidon-data/poseidon/workflows/pycbc/search/poseidon/submit/poseidon/pegasus/pycbc-search/run0080/00/00/inspiral-BBH_INJECTIONS-H1_ID128_ID0000137.meta,/mnt/poseidon-data/poseidon/workflows/pycbc/search/poseidon/submit/poseidon/pegasus/pycbc-search/run0080/00/00/optimal_snr_ID125_ID0000135.meta,/mnt/poseidon-data/poseidon/workflows/pycbc/search/poseidon/submit/poseidon/pegasus/pycbc-search/run0080/00/00/inspiral-BBH_INJECTIONS-V1_ID130_ID0000139.meta,/mnt/poseidon-data/poseidon/workflows/pycbc/search/poseidon/submit/poseidon/pegasus/pycbc-search/run0080/00/00/inspiral-FULL_DATA-L1_ID4_ID0000005.meta --insert /mnt/poseidon-data/poseidon/workflows/pycbc/search/poseidon/submit/poseidon/pegasus/pycbc-search/run0080/00/00/register_condorpool_2_0.in",2.9,0,0,,,,,,,,,
coinc_ID15_ID0000020,None,compute,0,1715230900.0,,,1715230905.0,1715230918.0,1715230934.0,143479015.3,1715230917.0,1715230985.0,1715230973.0,1715230976.0,8936345.0,1715230985.0,1715230990.0,5.0,,12.0,68.0,5.0,16.0,1400927078.0,3.0,28932670.0,poseidon,condorpool,poseidon-worker-2-container-24-27,coinc_ID15,/usr/local/bin/pycbc_coinc_findtrigs,,32.3,0,0,0.0,198747143.0,22933232.0,34412.0,2629.0,28.6,1.3,3312452.4,1146661.6
pegasus-plan_ID0000072,None,subwf,0,1715230900.0,1715230900.0,1715230906.0,1715230910.0,,,0.0,1715230910.0,1715231101.0,,,0.0,,,0.0,6.0,0.0,191.0,,,,,,poseidon,local,poseidon-submit,condor::dagman,/usr/bin/condor_dagman,-p 0  -f -l . -Notification never -Debug 3 -Lockfile L1-SINGLES_MINIFOLLOWUP_FULL_DATA_ALL-1186740100-3400.dag.lock -Dag L1-SINGLES_MINIFOLLOWUP_FULL_DATA_ALL-1186740100-3400.dag -AllowVersionMismatch  -AutoRescue 1 -DoRescueFrom 0,0.0,0,0,,,,,,,,,
sngls_ID23_ID0000153,None,compute,0,1715230900.0,,,1715230905.0,1715230922.0,1715230938.0,135032965.8,1715230921.0,1715230960.0,1715230951.0,1715230954.0,12051.0,1715230960.0,1715230965.0,5.0,,16.0,39.0,5.0,16.0,1390231462.0,3.0,34238.0,poseidon,condorpool,poseidon-worker-1-container-44-47,sngls_ID23,/usr/local/bin/pycbc_sngls_findtrigs,,6.9,0,0,0.0,59853374.0,28374.0,13822.0,26.0,3.4,1.5,5985337.4,2837.4
pegasus-plan_ID0000070,None,subwf,0,1715230900.0,1715230900.0,1715230906.0,1715230910.0,,,0.0,1715230910.0,1715230920.0,,,0.0,,,0.0,6.0,0.0,10.0,,,,,,poseidon,local,poseidon-submit,condor::dagman,/usr/bin/condor_dagman,-p 0  -f -l . -Notification never -Debug 3 -Lockfile L1-SINGLES_MINIFOLLOWUP_FULL_DATA_NONCOINC-1186740100-3400.dag.lock -Dag L1-SINGLES_MINIFOLLOWUP_FULL_DATA_NONCOINC-1186740100-3400.dag -AllowVersionMismatch  -AutoRescue 1 -DoRescueFrom 0,0.0,0,0,,,,,,,,,
sngls_ID23_ID0000151,cpu_2,compute,0,1715230900.0,,,1715230905.0,1715230922.0,1715230937.0,143436795.6,1715230921.0,1715230960.0,1715230949.0,1715230952.0,12641.0,1715230960.0,1715230965.0,5.0,,16.0,39.0,5.0,15.0,1390258066.0,3.0,35390.0,poseidon,condorpool,poseidon-worker-2-container-44-47,sngls_ID23,/usr/local/bin/pycbc_sngls_findtrigs,,5.8,0,0,0.0,72460949.0,28374.0,16906.0,26.0,3.8,0.9,7246094.9,2837.4
pegasus-plan_ID0000066,None,subwf,0,1715230900.0,1715230900.0,1715230906.0,1715230910.0,,,0.0,1715230910.0,1715230920.0,,,0.0,,,0.0,6.0,0.0,10.0,,,,,,poseidon,local,poseidon-submit,condor::dagman,/usr/bin/condor_dagman,-p 0  -f -l . -Notification never -Debug 3 -Lockfile H1-SINGLES_MINIFOLLOWUP_FULL_DATA_NONCOINC-1186740100-3400.dag.lock -Dag H1-SINGLES_MINIFOLLOWUP_FULL_DATA_NONCOINC-1186740100-3400.dag -AllowVersionMismatch  -AutoRescue 1 -DoRescueFrom 0,0.0,0,0,,,,,,,,,
coinc_ID15_ID0000018,None,compute,0,1715230900.0,,,1715230905.0,1715230922.0,1715230938.0,144529459.6,1715230921.0,1715230990.0,1715230981.0,1715230984.0,16037123.0,1715230990.0,1715230995.0,5.0,,16.0,69.0,5.0,16.0,1400509066.0,3.0,51835438.0,poseidon,condorpool,poseidon-worker-2-container-24-27,coinc_ID15,/usr/local/bin/pycbc_coinc_findtrigs,,35.7,0,0,0.1,193689915.0,50093238.0,34496.0,6266.0,33.1,1.6,2766998.8,1252330.9
sngls_ID23_ID0000028,None,compute,0,1715230900.0,,,1715230905.0,1715230922.0,1715230938.0,128064983.1,1715230921.0,1715230960.0,1715230951.0,1715230954.0,10578.0,1715230960.0,1715230965.0,5.0,,16.0,39.0,5.0,16.0,1395072790.0,3.0,29856.0,poseidon,condorpool,poseidon-worker-1-container-32-35,sngls_ID23,/usr/local/bin/pycbc_sngls_findtrigs,,7.3,0,0,0.0,66025851.0,28374.0,12939.0,26.0,3.3,1.5,6602585.1,2837.4
sngls_ID23_ID0000026,None,compute,0,1715230900.0,,,1715230905.0,1715230922.0,1715230938.0,127331145.8,1715230921.0,1715230960.0,1715230951.0,1715230954.0,11226.0,1715230960.0,1715230965.0,5.0,,16.0,39.0,5.0,16.0,1394665679.0,3.0,31904.0,poseidon,condorpool,poseidon-worker-1-container-40-43,sngls_ID23,/usr/local/bin/pycbc_sngls_findtrigs,,6.8,0,0,0.0,73518367.0,28374.0,14804.0,26.0,3.7,1.2,7351836.7,2837.4
sngls_ID23_ID0000024,None,compute,0,1715230900.0,,,1715230905.0,1715230922.0,1715230938.0,135504136.3,1715230921.0,1715230960.0,1715230951.0,1715230953.0,11291.0,1715230960.0,1715230965.0,5.0,,16.0,39.0,5.0,16.0,1394247667.0,2.0,31904.0,poseidon,condorpool,poseidon-worker-1-container-0-3,sngls_ID23,/usr/local/bin/pycbc_sngls_findtrigs,,6.9,0,0,0.0,70950720.0,28374.0,14694.0,26.0,3.8,1.1,7095072.0,2837.4
pegasus-plan_ID0000074,None,subwf,0,1715230900.0,1715230900.0,1715230906.0,1715230910.0,,,0.0,1715230910.0,1715230920.0,,,0.0,,,0.0,6.0,0.0,10.0,,,,,,poseidon,local,poseidon-submit,condor::dagman,/usr/bin/condor_dagman,-p 0  -f -l . -Notification never -Debug 3 -Lockfile V1-SINGLES_MINIFOLLOWUP_FULL_DATA_NONCOINC-1186740100-3400.dag.lock -Dag V1-SINGLES_MINIFOLLOWUP_FULL_DATA_NONCOINC-1186740100-3400.dag -AllowVersionMismatch  -AutoRescue 1 -DoRescueFrom 0,0.0,0,0,,,,,,,,,
stage_out_local_condorpool_5_0,None,transfer,0,1715230900.0,,,1715230905.0,,,0.0,1715230905.0,1715230915.0,1715230905.0,1715230909.0,21492.0,1715230915.0,1715230920.0,5.0,,0.0,10.0,5.0,,,4.0,86640.0,poseidon,local,poseidon-submit,pegasus::transfer,/mnt/poseidon-data/poseidon/pegasus-5.1.0panorama/bin/pegasus-transfer,pegasus-kickstart  -n pegasus::transfer -N null -i - -R local  -L pycbc-search -T 2024-03-27T21:26:08+00:00 pegasus-transfer  --threads 2,0.5,0,0,,,,,,,,,
coinc_ID15_ID0000022,None,compute,0,1715230900.0,,,1715230905.0,1715230906.0,1715230922.0,131560680.8,1715230905.0,1715230980.0,1715230968.0,1715230971.0,248520.0,1715230980.0,1715230985.0,5.0,,0.0,75.0,5.0,16.0,1406363354.0,3.0,742889.0,poseidon,condorpool,poseidon-worker-1-container-32-35,coinc_ID15,/usr/local/bin/pycbc_coinc_findtrigs,,39.6,0,0,0.0,261541664.0,28374.0,45081.0,26.0,33.1,1.8,3736309.5,2837.4
coinc_ID15_ID0000143,None,compute,0,1715230900.0,,,1715230905.0,1715230906.0,1715230922.0,140102432.1,1715230905.0,1715230950.0,1715230939.0,1715230941.0,21034.0,1715230950.0,1715230955.0,5.0,,0.0,45.0,5.0,16.0,1391678137.0,2.0,59540.0,poseidon,condorpool,poseidon-worker-1-container-40-43,coinc_ID15,/usr/local/bin/pycbc_coinc_findtrigs,,10.9,0,0,0.0,135323801.0,28374.0,29732.0,26.0,8.5,1.3,6766190.0,2837.4
pegasus-plan_ID0000068,None,subwf,0,1715230900.0,1715230900.0,1715230906.0,1715230910.0,,,0.0,1715230910.0,1715231101.0,,,0.0,,,0.0,6.0,0.0,191.0,,,,,,poseidon,local,poseidon-submit,condor::dagman,/usr/bin/condor_dagman,-p 0  -f -l . -Notification never -Debug 3 -Lockfile H1-SINGLES_MINIFOLLOWUP_FULL_DATA_ALL-1186740100-3400.dag.lock -Dag H1-SINGLES_MINIFOLLOWUP_FULL_DATA_ALL-1186740100-3400.dag -AllowVersionMismatch  -AutoRescue 1 -DoRescueFrom 0,0.0,0,0,,,,,,,,,
coinc_ID15_ID0000016,None,compute,0,1715230900.0,,,1715230905.0,1715230906.0,1715230922.0,143078535.6,1715230905.0,1715230975.0,1715230962.0,1715230965.0,14356703.0,1715230975.0,1715230980.0,5.0,,0.0,70.0,5.0,16.0,1400101955.0,3.0,47202856.0,poseidon,condorpool,poseidon-worker-1-container-0-3,coinc_ID15,/usr/local/bin/pycbc_coinc_findtrigs,,34.1,0,0,0.0,188530414.0,36642710.0,34426.0,2054.0,28.4,1.5,3142173.6,1221423.7
pegasus-plan_ID0000076,None,subwf,0,1715230900.0,1715230900.0,1715230906.0,1715230910.0,,,0.0,1715230910.0,1715231106.0,,,0.0,,,0.0,6.0,0.0,196.0,,,,,,poseidon,local,poseidon-submit,condor::dagman,/usr/bin/condor_dagman,-p 0  -f -l . -Notification never -Debug 3 -Lockfile V1-SINGLES_MINIFOLLOWUP_FULL_DATA_ALL-1186740100-3400.dag.lock -Dag V1-SINGLES_MINIFOLLOWUP_FULL_DATA_ALL-1186740100-3400.dag -AllowVersionMismatch  -AutoRescue 1 -DoRescueFrom 0,0.0,0,0,,,,,,,,,
create_dir_L1-SINGLES_MINIFOLLOWUP_FULL_DATA_ALL-1186740100-3400.dax_0_condorpool_pegasus-plan_ID0000072,None,auxiliary,0,1715230910.0,,,1715230911.0,,,0.0,1715230914.0,1715230921.0,,,0.0,1715230921.0,1715230926.0,1.0,,3.0,7.0,5.0,,,,,poseidon,local,poseidon-submit,pegasus::dirmanager,/mnt/poseidon-data/poseidon/pegasus-5.1.0panorama/bin/pegasus-transfer,pegasus-kickstart  -n pegasus::dirmanager -N null -i - -R local  -L L1-SINGLES_MINIFOLLOWUP_FULL_DATA_ALL-1186740100-3400 -T 2024-03-13T22:37:56+00:00 pegasus-transfer,0.3,0,0,,,,,,,,,
create_dir_H1-SINGLES_MINIFOLLOWUP_FULL_DATA_ALL-1186740100-3400.dax_0_condorpool_pegasus-plan_ID0000068,None,auxiliary,0,1715230910.0,,,1715230911.0,,,0.0,1715230914.0,1715230921.0,,,0.0,1715230921.0,1715230926.0,1.0,,3.0,7.0,5.0,,,,,poseidon,local,poseidon-submit,pegasus::dirmanager,/mnt/poseidon-data/poseidon/pegasus-5.1.0panorama/bin/pegasus-transfer,pegasus-kickstart  -n pegasus::dirmanager -N null -i - -R local  -L H1-SINGLES_MINIFOLLOWUP_FULL_DATA_ALL-1186740100-3400 -T 2024-03-13T22:37:56+00:00 pegasus-transfer,0.3,0,0,,,,,,,,,
noop_H1-SINGLES_MINIFOLLOWUP_FULL_DATA_NONCOINC-1186740100-3400.dax_0_pegasus-plan_ID0000066,None,compute,0,1715230910.0,,,1715230911.0,,,0.0,,1715230916.0,,,0.0,,,1.0,,,,,,,,,poseidon,local,poseidon-submit,pegasus::noop:1.0,/bin/true,,0.0,0,0,,,,,,,,,
create_dir_V1-SINGLES_MINIFOLLOWUP_FULL_DATA_ALL-1186740100-3400.dax_0_condorpool_pegasus-plan_ID0000076,None,auxiliary,0,1715230910.0,,,1715230911.0,,,0.0,1715230914.0,1715230921.0,,,0.0,1715230921.0,1715230926.0,1.0,,3.0,7.0,5.0,,,,,poseidon,local,poseidon-submit,pegasus::dirmanager,/mnt/poseidon-data/poseidon/pegasus-5.1.0panorama/bin/pegasus-transfer,pegasus-kickstart  -n pegasus::dirmanager -N null -i - -R local  -L V1-SINGLES_MINIFOLLOWUP_FULL_DATA_ALL-1186740100-3400 -T 2024-03-13T22:37:56+00:00 pegasus-transfer,0.3,0,0,,,,,,,,,
noop_V1-SINGLES_MINIFOLLOWUP_FULL_DATA_NONCOINC-1186740100-3400.dax_0_pegasus-plan_ID0000074,None,compute,0,1715230910.0,,,1715230911.0,,,0.0,,1715230916.0,,,0.0,,,1.0,,,,,,,,,poseidon,local,poseidon-submit,pegasus::noop:1.0,/bin/true,,0.0,0,0,,,,,,,,,
noop_L1-SINGLES_MINIFOLLOWUP_FULL_DATA_NONCOINC-1186740100-3400.dax_0_pegasus-plan_ID0000070,None,compute,0,1715230910.0,,,1715230911.0,,,0.0,,1715230916.0,,,0.0,,,1.0,,,,,,,,,poseidon,local,poseidon-submit,pegasus::noop:1.0,/bin/true,,0.0,0,0,,,,,,,,,
register_condorpool_5_0,None,auxiliary,0,1715230920.0,,,1715230925.0,,,0.0,1715230926.0,1715230930.0,,,0.0,1715230930.0,1715230935.0,5.0,,1.0,4.0,5.0,,,,,poseidon,local,poseidon-submit,pegasus::rc-client,/mnt/poseidon-data/poseidon/pegasus-5.1.0panorama/bin/pegasus-rc-client,"pegasus-kickstart  -n pegasus::rc-client -N null -R local  -L pycbc-search -T 2024-03-27T21:26:08+00:00 /home/poseidon/pegasus-5.1.0panorama/bin/pegasus-rc-client --prefix pegasus.catalog.replica.output --conf /mnt/poseidon-data/poseidon/workflows/pycbc/search/poseidon/submit/poseidon/pegasus/pycbc-search/run0080/pegasus.17582139319119171220.properties -v --meta /mnt/poseidon-data/poseidon/workflows/pycbc/search/poseidon/submit/poseidon/pegasus/pycbc-search/run0080/00/01/fit_over_param_ID10_ID0000015.meta,/mnt/poseidon-data/poseidon/workflows/pycbc/search/poseidon/submit/poseidon/pegasus/pycbc-search/run0080/00/01/fit_over_param_ID10_ID0000013.meta,/mnt/poseidon-data/poseidon/workflows/pycbc/search/poseidon/submit/poseidon/pegasus/pycbc-search/run0080/00/00/fit_over_param_ID10_ID0000011.meta --insert /mnt/poseidon-data/poseidon/workflows/pycbc/search/poseidon/submit/poseidon/pegasus/pycbc-search/run0080/00/01/register_condorpool_5_0.in",3.0,0,0,,,,,,,,,
coinc_ID15_ID0000149,None,compute,0,1715230925.0,,,1715230930.0,1715230942.0,1715230974.0,54926771.2,1715230941.0,1715231005.0,1715230996.0,1715230999.0,19250.0,1715231005.0,1715231010.0,5.0,,11.0,64.0,5.0,32.0,1393273270.0,3.0,53580.0,poseidon,condorpool,poseidon-worker-1-container-32-35,coinc_ID15,/usr/local/bin/pycbc_coinc_findtrigs,,16.8,0,0,0.1,187535757.0,28374.0,42994.0,26.0,13.5,1.4,6251191.9,2837.4
plot_throughput_ID63_ID0000175,cpu_2,compute,0,1715230925.0,,,1715230930.0,1715230942.0,1715230964.0,83919413.0,1715230941.0,1715230985.0,1715230973.0,1715230976.0,32018.0,1715230985.0,1715230990.0,5.0,,11.0,44.0,5.0,22.0,1384342839.0,3.0,89170.0,poseidon,condorpool,poseidon-worker-2-container-44-47,plot_throughput_ID63,/usr/local/bin/pycbc_plot_throughput,,3.4,0,0,,,,,,,,,
stage_out_local_condorpool_3_0,None,transfer,0,1715230925.0,,,1715230930.0,,,0.0,1715230930.0,1715230945.0,1715230931.0,1715230935.0,5478711.0,1715230945.0,1715230950.0,5.0,,0.0,15.0,5.0,,,4.0,22081774.0,poseidon,local,poseidon-submit,pegasus::transfer,/mnt/poseidon-data/poseidon/pegasus-5.1.0panorama/bin/pegasus-transfer,pegasus-kickstart  -n pegasus::transfer -N null -i - -R local  -L pycbc-search -T 2024-03-27T21:26:08+00:00 pegasus-transfer  --threads 2,0.9,0,0,,,,,,,,,
coinc_ID15_ID0000147,None,compute,0,1715230925.0,,,1715230930.0,1715230942.0,1715230961.0,116324867.7,1715230941.0,1715230990.0,1715230978.0,1715230981.0,21482.0,1715230990.0,1715230995.0,5.0,,11.0,49.0,5.0,19.0,1391826595.0,3.0,59784.0,poseidon,condorpool,poseidon-worker-1-container-0-3,coinc_ID15,/usr/local/bin/pycbc_coinc_findtrigs,,10.8,0,0,0.0,126866646.0,28374.0,30513.0,26.0,8.7,1.2,6343332.3,2837.4
sngls_ID23_ID0000155,None,compute,0,1715230925.0,,,1715230930.0,1715230942.0,1715230965.0,82214749.4,1715230941.0,1715230985.0,1715230976.0,1715230979.0,14867.0,1715230985.0,1715230990.0,5.0,,11.0,44.0,5.0,23.0,1390406524.0,3.0,41014.0,poseidon,condorpool,poseidon-worker-2-container-24-27,sngls_ID23,/usr/local/bin/pycbc_sngls_findtrigs,,5.3,0,0,0.0,67675276.0,28374.0,18908.0,26.0,3.8,1.0,6767527.6,2837.4
coinc_ID15_ID0000145,None,compute,0,1715230925.0,,,1715230930.0,1715230942.0,1715230975.0,53026248.5,1715230941.0,1715231000.0,1715230992.0,1715230994.0,26246.0,1715231000.0,1715231005.0,5.0,,11.0,59.0,5.0,33.0,1391853199.0,2.0,72250.0,poseidon,condorpool,poseidon-worker-1-container-40-43,coinc_ID15,/usr/local/bin/pycbc_coinc_findtrigs,,10.5,0,0,0.0,129809267.0,28374.0,31226.0,26.0,8.9,1.0,6490463.3,2837.4
page_snglinfo_ID0_ID0000001_pegasus-plan_ID0000072,None,compute,0,1715230926.0,,,1715230931.0,1715230942.0,1715230959.0,137138245.7,1715230941.0,1715230991.0,1715230968.0,1715230971.0,1267.0,1715230991.0,1715230996.0,5.0,,10.0,50.0,5.0,17.0,1385855078.0,3.0,3717.0,poseidon,condorpool,poseidon-worker-1-container-20-23,page_snglinfo_ID0,/usr/local/bin/pycbc_page_snglinfo,,3.2,0,0,,,,,,,,,
plot_waveform_ID5_ID0000006_pegasus-plan_ID0000076,None,compute,0,1715230926.0,,,1715230931.0,1715230942.0,1715230957.0,95437301.0,1715230941.0,1715230976.0,1715230968.0,1715230970.0,24736.0,1715230976.0,1715230981.0,5.0,,10.0,35.0,5.0,15.0,1379880960.0,2.0,68803.0,poseidon,condorpool,poseidon-worker-1-container-44-47,plot_waveform_ID5,/usr/local/bin/pycbc_plot_waveform,,4.5,0,0,,,,,,,,,
single_template_ID3_ID0000004_pegasus-plan_ID0000076,None,compute,0,1715230926.0,,,1715230931.0,1715230942.0,1715230964.0,98196103.9,1715230941.0,1715231011.0,1715231002.0,1715231005.0,3419608.0,1715231011.0,1715231016.0,5.0,,10.0,70.0,5.0,22.0,1509360080.0,3.0,9945232.0,poseidon,condorpool,poseidon-worker-1-container-36-39,single_template_ID3,/usr/local/bin/pycbc_single_template,,32.1,0,0,0.0,803001532.0,28470.0,4646.0,27.0,24.1,5.7,13383358.9,2847.0
plot_trigger_timeseries_ID1_ID0000002_pegasus-plan_ID0000076,None,compute,0,1715230926.0,,,1715230931.0,1715230942.0,1715230962.0,106491082.3,1715230941.0,1715230981.0,1715230970.0,1715230973.0,5421.0,1715230981.0,1715230986.0,5.0,,10.0,40.0,5.0,20.0,1385317236.0,3.0,14886.0,poseidon,condorpool,poseidon-worker-1-container-24-27,plot_trigger_timeseries_ID1,/usr/local/bin/pycbc_plot_trigger_timeseries,,3.2,0,0,,,,,,,,,
plot_qscan_ID7_ID0000008_pegasus-plan_ID0000076,None,compute,0,1715230926.0,,,1715230931.0,1715230942.0,1715230970.0,68381602.5,1715230941.0,1715231006.0,1715230994.0,1715230997.0,90023.0,1715231006.0,1715231011.0,5.0,,10.0,65.0,5.0,28.0,1509356709.0,3.0,248893.0,poseidon,condorpool,poseidon-worker-2-container-32-35,plot_qscan_ID7,/usr/local/bin/pycbc_plot_qscan,,18.3,0,0,0.1,812286961.0,63122.0,8084.0,35.0,12.8,2.1,27076232.0,6312.2
plot_singles_timefreq_ID6_ID0000007_pegasus-plan_ID0000076,None,compute,0,1715230926.0,,,1715230931.0,1715230942.0,1715230972.0,62201598.8,1715230941.0,1715231006.0,1715230997.0,1715230999.0,144314.0,1715231006.0,1715231011.0,5.0,,10.0,65.0,5.0,30.0,1514826175.0,2.0,403987.0,poseidon,condorpool,poseidon-worker-1-container-16-19,plot_singles_timefreq_ID6,/usr/local/bin/pycbc_plot_singles_timefreq,,19.4,0,0,0.0,812278192.0,63122.0,8037.0,35.0,12.3,2.5,27075939.7,6312.2
plot_singles_timefreq_ID6_ID0000007_pegasus-plan_ID0000072,cpu_2,compute,0,1715230926.0,,,1715230931.0,1715230942.0,1715230976.0,54023045.0,1715230941.0,1715231011.0,1715230998.0,1715231001.0,138302.0,1715231011.0,1715231016.0,5.0,,10.0,70.0,5.0,34.0,1494667688.0,3.0,384961.0,poseidon,condorpool,poseidon-worker-2-container-40-43,plot_singles_timefreq_ID6,/usr/local/bin/pycbc_plot_singles_timefreq,,16.7,0,0,0.0,691974263.0,63552.0,9162.0,45.0,12.2,2.4,23065808.8,3177.6
plot_qscan_ID7_ID0000008_pegasus-plan_ID0000072,None,compute,0,1715230926.0,,,1715230931.0,1715230942.0,1715230976.0,54570479.3,1715230941.0,1715231011.0,1715230998.0,1715231001.0,120780.0,1715231011.0,1715231016.0,5.0,,10.0,70.0,5.0,34.0,1488780210.0,3.0,336079.0,poseidon,condorpool,poseidon-worker-2-container-32-35,plot_qscan_ID7,/usr/local/bin/pycbc_plot_qscan,,16.8,0,0,0.1,688935737.0,63333.0,8185.0,40.0,12.4,2.4,22964524.6,3166.7
plot_trigger_timeseries_ID1_ID0000002_pegasus-plan_ID0000072,None,compute,0,1715230926.0,,,1715230931.0,1715230942.0,1715230968.0,70943733.6,1715230941.0,1715230986.0,1715230977.0,1715230980.0,14011.0,1715230986.0,1715230991.0,5.0,,10.0,45.0,5.0,26.0,1385735248.0,3.0,38649.0,poseidon,condorpool,poseidon-worker-1-container-4-7,plot_trigger_timeseries_ID1,/usr/local/bin/pycbc_plot_trigger_timeseries,,2.9,0,0,,,,,,,,,
single_template_ID3_ID0000004_pegasus-plan_ID0000072,cpu_2,compute,0,1715230926.0,,,1715230931.0,1715230942.0,1715230969.0,72945073.5,1715230941.0,1715231016.0,1715231005.0,1715231008.0,3446296.0,1715231016.0,1715231021.0,5.0,,10.0,75.0,5.0,27.0,1488783581.0,3.0,9945232.0,poseidon,condorpool,poseidon-worker-2-container-8-11,single_template_ID3,/usr/local/bin/pycbc_single_template,,30.7,0,0,0.0,679540752.0,28470.0,4649.0,27.0,24.4,5.5,11325679.2,2847.0
plot_trigger_timeseries_ID1_ID0000003_pegasus-plan_ID0000072,None,compute,0,1715230926.0,,,1715230931.0,1715230942.0,1715230969.0,63402010.2,1715230941.0,1715230991.0,1715230978.0,1715230981.0,14535.0,1715230991.0,1715230996.0,5.0,,10.0,50.0,5.0,27.0,1385735248.0,3.0,39834.0,poseidon,condorpool,poseidon-worker-2-container-0-3,plot_trigger_timeseries_ID1,/usr/local/bin/pycbc_plot_trigger_timeseries,,3.1,0,0,,,,,,,,,
plot_trigger_timeseries_ID1_ID0000003_pegasus-plan_ID0000076,None,compute,0,1715230926.0,,,1715230931.0,1715230942.0,1715230971.0,60239537.0,1715230941.0,1715230991.0,1715230981.0,1715230983.0,6746.0,1715230991.0,1715230996.0,5.0,,10.0,50.0,5.0,29.0,1385317236.0,2.0,18659.0,poseidon,condorpool,poseidon-worker-1-container-8-11,plot_trigger_timeseries_ID1,/usr/local/bin/pycbc_plot_trigger_timeseries,,3.5,0,0,,,,,,,,,
plot_waveform_ID5_ID0000006_pegasus-plan_ID0000072,None,compute,0,1715230926.0,,,1715230931.0,1715230942.0,1715230954.0,114051484.0,1715230941.0,1715230976.0,1715230965.0,1715230968.0,23566.0,1715230976.0,1715230981.0,5.0,,10.0,35.0,5.0,12.0,1379880960.0,3.0,65048.0,poseidon,condorpool,poseidon-worker-2-container-20-23,plot_waveform_ID5,/usr/local/bin/pycbc_plot_waveform,,4.5,0,0,,,,,,,,,
page_snglinfo_ID0_ID0000001_pegasus-plan_ID0000076,cpu_2,compute,0,1715230926.0,,,1715230931.0,1715230942.0,1715230968.0,68875885.9,1715230941.0,1715230986.0,1715230977.0,1715230979.0,1364.0,1715230986.0,1715230991.0,5.0,,10.0,45.0,5.0,26.0,1385437066.0,2.0,3716.0,poseidon,condorpool,poseidon-worker-2-container-40-43,page_snglinfo_ID0,/usr/local/bin/pycbc_page_snglinfo,,2.8,0,0,,,,,,,,,
plot_waveform_ID5_ID0000006_pegasus-plan_ID0000068,None,compute,0,1715230926.0,,,1715230931.0,1715230942.0,1715230961.0,71825132.0,1715230941.0,1715230981.0,1715230972.0,1715230975.0,23760.0,1715230981.0,1715230986.0,5.0,,10.0,40.0,5.0,19.0,1379880960.0,3.0,68607.0,poseidon,condorpool,poseidon-worker-2-container-28-31,plot_waveform_ID5,/usr/local/bin/pycbc_plot_waveform,,4.0,0,0,,,,,,,,,
page_snglinfo_ID0_ID0000001_pegasus-plan_ID0000068,None,compute,0,1715230926.0,,,1715230931.0,1715230942.0,1715230974.0,53170799.7,1715230941.0,1715230996.0,1715230983.0,1715230986.0,1362.0,1715230996.0,1715231001.0,5.0,,10.0,55.0,5.0,32.0,1386262189.0,3.0,3715.0,poseidon,condorpool,poseidon-worker-1-container-28-31,page_snglinfo_ID0,/usr/local/bin/pycbc_page_snglinfo,,3.2,0,0,,,,,,,,,
plot_trigger_timeseries_ID1_ID0000003_pegasus-plan_ID0000068,None,compute,0,1715230926.0,,,1715230931.0,1715230942.0,1715230971.0,60059835.0,1715230941.0,1715230991.0,1715230980.0,1715230983.0,9005.0,1715230991.0,1715230996.0,5.0,,10.0,50.0,5.0,29.0,1386142359.0,3.0,24637.0,poseidon,condorpool,poseidon-worker-2-container-36-39,plot_trigger_timeseries_ID1,/usr/local/bin/pycbc_plot_trigger_timeseries,,3.1,0,0,,,,,,,,,
single_template_ID3_ID0000004_pegasus-plan_ID0000068,cpu_2,compute,0,1715230926.0,,,1715230931.0,1715230942.0,1715230964.0,91939423.6,1715230941.0,1715231011.0,1715230999.0,1715231002.0,3463730.0,1715231011.0,1715231016.0,5.0,,10.0,70.0,5.0,22.0,1485631059.0,3.0,9945232.0,poseidon,condorpool,poseidon-worker-2-container-16-19,single_template_ID3,/usr/local/bin/pycbc_single_template,,30.2,0,0,0.0,660626552.0,4222782.0,4650.0,28.0,24.6,5.3,11010442.5,211139.1
plot_trigger_timeseries_ID1_ID0000002_pegasus-plan_ID0000068,None,compute,0,1715230926.0,,,1715230931.0,1715230942.0,1715230965.0,80849113.1,1715230941.0,1715230981.0,1715230973.0,1715230976.0,10112.0,1715230981.0,1715230986.0,5.0,,10.0,40.0,5.0,23.0,1386142359.0,3.0,28015.0,poseidon,condorpool,poseidon-worker-2-container-4-7,plot_trigger_timeseries_ID1,/usr/local/bin/pycbc_plot_trigger_timeseries,,3.2,0,0,,,,,,,,,
plot_qscan_ID7_ID0000008_pegasus-plan_ID0000068,cpu_2,compute,0,1715230926.0,,,1715230931.0,1715230942.0,1715230969.0,74173729.2,1715230941.0,1715231001.0,1715230991.0,1715230994.0,112571.0,1715231001.0,1715231006.0,5.0,,10.0,60.0,5.0,27.0,1485627688.0,3.0,312275.0,poseidon,condorpool,poseidon-worker-2-container-12-15,plot_qscan_ID7,/usr/local/bin/pycbc_plot_qscan,,16.7,0,0,0.0,669989190.0,63333.0,8121.0,40.0,12.7,2.2,22332973.0,3166.7
plot_singles_timefreq_ID6_ID0000007_pegasus-plan_ID0000068,None,compute,0,1715230926.0,,,1715230931.0,1715230942.0,1715230968.0,71800308.4,1715230941.0,1715231001.0,1715230991.0,1715230994.0,140619.0,1715231001.0,1715231006.0,5.0,,10.0,60.0,5.0,26.0,1491922277.0,3.0,389484.0,poseidon,condorpool,poseidon-worker-1-container-12-15,plot_singles_timefreq_ID6,/usr/local/bin/pycbc_plot_singles_timefreq,,17.2,0,0,0.0,673247305.0,63552.0,9106.0,45.0,12.3,2.5,22441576.8,3177.6
register_condorpool_3_0,None,auxiliary,0,1715230950.0,,,1715230955.0,,,0.0,1715230955.0,1715230960.0,,,0.0,1715230960.0,1715230965.0,5.0,,0.0,5.0,5.0,,,,,poseidon,local,poseidon-submit,pegasus::rc-client,/mnt/poseidon-data/poseidon/pegasus-5.1.0panorama/bin/pegasus-rc-client,"pegasus-kickstart  -n pegasus::rc-client -N null -R local  -L pycbc-search -T 2024-03-27T21:26:08+00:00 /home/poseidon/pegasus-5.1.0panorama/bin/pegasus-rc-client --prefix pegasus.catalog.replica.output --conf /mnt/poseidon-data/poseidon/workflows/pycbc/search/poseidon/submit/poseidon/pegasus/pycbc-search/run0080/pegasus.17582139319119171220.properties -v --meta /mnt/poseidon-data/poseidon/workflows/pycbc/search/poseidon/submit/poseidon/pegasus/pycbc-search/run0080/00/00/hdf_trigger_merge_ID6_ID0000141.meta,/mnt/poseidon-data/poseidon/workflows/pycbc/search/poseidon/submit/poseidon/pegasus/pycbc-search/run0080/00/00/hdf_trigger_merge_ID6_ID0000009.meta,/mnt/poseidon-data/poseidon/workflows/pycbc/search/poseidon/submit/poseidon/pegasus/pycbc-search/run0080/00/00/hdf_trigger_merge_ID6_ID0000007.meta,/mnt/poseidon-data/poseidon/workflows/pycbc/search/poseidon/submit/poseidon/pegasus/pycbc-search/run0080/00/00/optimal_snr_merge_ID127_ID0000136.meta,/mnt/poseidon-data/poseidon/workflows/pycbc/search/poseidon/submit/poseidon/pegasus/pycbc-search/run0080/00/00/hdf_trigger_merge_ID6_ID0000008.meta,/mnt/poseidon-data/poseidon/workflows/pycbc/search/poseidon/submit/poseidon/pegasus/pycbc-search/run0080/00/00/hdf_trigger_merge_ID6_ID0000142.meta,/mnt/poseidon-data/poseidon/workflows/pycbc/search/poseidon/submit/poseidon/pegasus/pycbc-search/run0080/00/00/hdf_trigger_merge_ID6_ID0000140.meta --insert /mnt/poseidon-data/poseidon/workflows/pycbc/search/poseidon/submit/poseidon/pegasus/pycbc-search/run0080/00/00/register_condorpool_3_0.in",3.0,0,0,,,,,,,,,
sngls_statmap_ID24_ID0000025,None,compute,0,1715230965.0,,,1715230970.0,1715230971.0,1715230988.0,123100256.0,1715230971.0,1715231005.0,1715230996.0,1715230999.0,30944.0,1715231005.0,1715231010.0,5.0,,1.0,34.0,5.0,17.0,1379912864.0,3.0,86368.0,poseidon,condorpool,poseidon-worker-1-container-40-43,sngls_statmap_ID24,/usr/local/bin/pycbc_sngls_statmap,,2.2,0,0,,,,,,,,,
sngls_statmap_ID24_ID0000027,cpu_2,compute,0,1715230965.0,,,1715230970.0,1715230972.0,1715230987.0,138719775.8,1715230971.0,1715231005.0,1715230995.0,1715230998.0,62998.0,1715231005.0,1715231010.0,5.0,,1.0,34.0,5.0,15.0,1379912864.0,3.0,174184.0,poseidon,condorpool,poseidon-worker-2-container-44-47,sngls_statmap_ID24,/usr/local/bin/pycbc_sngls_statmap,,2.0,0,0,,,,,,,,,
sngls_statmap_ID24_ID0000029,None,compute,0,1715230965.0,,,1715230970.0,1715230972.0,1715230989.0,123997315.5,1715230971.0,1715231005.0,1715230996.0,1715230999.0,61265.0,1715231005.0,1715231010.0,5.0,,1.0,34.0,5.0,17.0,1379910816.0,3.0,170088.0,poseidon,condorpool,poseidon-worker-1-container-32-35,sngls_statmap_ID24,/usr/local/bin/pycbc_sngls_statmap,,2.1,0,0,,,,,,,,,
statmap_ID16_ID0000017,None,compute,0,1715230980.0,,,1715230985.0,1715230986.0,1715231002.0,137387731.8,1715230985.0,1715231030.0,1715231020.0,1715231023.0,3599001.0,1715231030.0,1715231035.0,5.0,,0.0,45.0,5.0,16.0,1427083816.0,3.0,10392945.0,poseidon,condorpool,poseidon-worker-2-container-24-27,statmap_ID16,/usr/local/bin/pycbc_coinc_statmap,,12.7,0,0,0.0,69854391.0,28374.0,11299.0,26.0,8.1,1.8,3492719.5,2837.4
statmap_ID16_ID0000023,None,compute,0,1715230985.0,,,1715230990.0,1715230991.0,1715231008.0,134594629.6,1715230990.0,1715231025.0,1715231015.0,1715231018.0,542624.0,1715231025.0,1715231030.0,5.0,,0.0,35.0,5.0,17.0,1380623849.0,3.0,1527317.0,poseidon,condorpool,poseidon-worker-1-container-0-3,statmap_ID16,/usr/local/bin/pycbc_coinc_statmap,,2.4,0,0,,,,,,,,,
statmap_ID16_ID0000021,None,compute,0,1715230990.0,,,1715230995.0,1715230996.0,1715231014.0,127083667.8,1715230996.0,1715231040.0,1715231027.0,1715231030.0,3623724.0,1715231040.0,1715231045.0,5.0,,1.0,44.0,5.0,18.0,1408813630.0,3.0,10467957.0,poseidon,condorpool,poseidon-worker-1-container-44-47,statmap_ID16,/usr/local/bin/pycbc_coinc_statmap,,8.4,0,0,0.0,51579556.0,28374.0,8161.0,26.0,3.6,1.2,5157955.6,2837.4
stage_out_local_condorpool_4_0,None,transfer,0,1715230990.0,,,1715230995.0,,,0.0,1715230995.0,1715231005.0,1715230995.0,1715230999.0,65294.0,1715231005.0,1715231010.0,5.0,,0.0,10.0,5.0,,,4.0,262930.0,poseidon,local,poseidon-submit,pegasus::transfer,/mnt/poseidon-data/poseidon/pegasus-5.1.0panorama/bin/pegasus-transfer,pegasus-kickstart  -n pegasus::transfer -N null -i - -R local  -L pycbc-search -T 2024-03-27T21:26:08+00:00 pegasus-transfer  --threads 2,0.7,0,0,,,,,,,,,
statmap_ID16_ID0000019,None,compute,0,1715230995.0,,,1715231000.0,1715231001.0,1715231017.0,145874077.8,1715231001.0,1715231045.0,1715231036.0,1715231039.0,3380745.0,1715231045.0,1715231050.0,5.0,,1.0,44.0,5.0,16.0,1431716398.0,3.0,10418435.0,poseidon,condorpool,poseidon-worker-1-container-12-15,statmap_ID16,/usr/local/bin/pycbc_coinc_statmap,,13.8,0,0,0.0,74486806.0,28374.0,11299.0,26.0,8.0,1.9,3724340.3,2837.4
register_condorpool_6_1,None,auxiliary,0,1715230995.0,,,1715231000.0,,,0.0,1715231001.0,1715231005.0,,,0.0,1715231005.0,1715231010.0,5.0,,1.0,4.0,5.0,,,,,poseidon,local,poseidon-submit,pegasus::rc-client,/mnt/poseidon-data/poseidon/pegasus-5.1.0panorama/bin/pegasus-rc-client,"pegasus-kickstart  -n pegasus::rc-client -N null -R local  -L pycbc-search -T 2024-03-27T21:26:08+00:00 /home/poseidon/pegasus-5.1.0panorama/bin/pegasus-rc-client --prefix pegasus.catalog.replica.output --conf /mnt/poseidon-data/poseidon/workflows/pycbc/search/poseidon/submit/poseidon/pegasus/pycbc-search/run0080/pegasus.17582139319119171220.properties -v --meta /mnt/poseidon-data/poseidon/workflows/pycbc/search/poseidon/submit/poseidon/pegasus/pycbc-search/run0080/00/01/coinc_ID15_ID0000018.meta,/mnt/poseidon-data/poseidon/workflows/pycbc/search/poseidon/submit/poseidon/pegasus/pycbc-search/run0080/00/01/coinc_ID15_ID0000143.meta,/mnt/poseidon-data/poseidon/workflows/pycbc/search/poseidon/submit/poseidon/pegasus/pycbc-search/run0080/00/01/coinc_ID15_ID0000147.meta,/mnt/poseidon-data/poseidon/workflows/pycbc/search/poseidon/submit/poseidon/pegasus/pycbc-search/run0080/00/01/sngls_ID23_ID0000026.meta,/mnt/poseidon-data/poseidon/workflows/pycbc/search/poseidon/submit/poseidon/pegasus/pycbc-search/run0080/00/01/sngls_ID23_ID0000151.meta,/mnt/poseidon-data/poseidon/workflows/pycbc/search/poseidon/submit/poseidon/pegasus/pycbc-search/run0080/00/01/coinc_ID15_ID0000020.meta,/mnt/poseidon-data/poseidon/workflows/pycbc/search/poseidon/submit/poseidon/pegasus/pycbc-search/run0080/00/01/sngls_ID23_ID0000155.meta --insert /mnt/poseidon-data/poseidon/workflows/pycbc/search/poseidon/submit/poseidon/pegasus/pycbc-search/run0080/00/01/register_condorpool_6_1.in",3.0,0,0,,,,,,,,,
stage_out_local_condorpool_0_0_pegasus-plan_ID0000068,None,transfer,0,1715231006.0,,,1715231011.0,,,0.0,1715231011.0,1715231026.0,1715231012.0,1715231016.0,205037.0,1715231026.0,1715231031.0,5.0,,0.0,15.0,5.0,,,4.0,826733.0,poseidon,local,poseidon-submit,pegasus::transfer,/mnt/poseidon-data/poseidon/pegasus-5.1.0panorama/bin/pegasus-transfer,/home/poseidon/pegasus-5.1.0panorama/bin/../bin/pegasus-kickstart  -n pegasus::transfer -N null -i - -R local  -L H1-SINGLES_MINIFOLLOWUP_FULL_DATA_ALL-1186740100-3400 -T 2024-03-13T22:37:56+00:00 /home/poseidon/pegasus-5.1.0panorama/bin/../bin/pegasus-transfer  --threads 2,0.8,0,0,,,,,,,,,
register_condorpool_4_0,None,auxiliary,0,1715231010.0,,,1715231025.0,,,0.0,1715231026.0,1715231030.0,,,0.0,1715231030.0,1715231035.0,15.0,,1.0,4.0,5.0,,,,,poseidon,local,poseidon-submit,pegasus::rc-client,/mnt/poseidon-data/poseidon/pegasus-5.1.0panorama/bin/pegasus-rc-client,"pegasus-kickstart  -n pegasus::rc-client -N null -R local  -L pycbc-search -T 2024-03-27T21:26:08+00:00 /home/poseidon/pegasus-5.1.0panorama/bin/pegasus-rc-client --prefix pegasus.catalog.replica.output --conf /mnt/poseidon-data/poseidon/workflows/pycbc/search/poseidon/submit/poseidon/pegasus/pycbc-search/run0080/pegasus.17582139319119171220.properties -v --meta /mnt/poseidon-data/poseidon/workflows/pycbc/search/poseidon/submit/poseidon/pegasus/pycbc-search/run0080/00/00/fit_by_template_ID9_ID0000010.meta,/mnt/poseidon-data/poseidon/workflows/pycbc/search/poseidon/submit/poseidon/pegasus/pycbc-search/run0080/00/00/fit_by_template_ID9_ID0000012.meta,/mnt/poseidon-data/poseidon/workflows/pycbc/search/poseidon/submit/poseidon/pegasus/pycbc-search/run0080/00/00/plot_throughput_ID63_ID0000064.meta,/mnt/poseidon-data/poseidon/workflows/pycbc/search/poseidon/submit/poseidon/pegasus/pycbc-search/run0080/00/00/plot_gating_ID44_ID0000045.meta,/mnt/poseidon-data/poseidon/workflows/pycbc/search/poseidon/submit/poseidon/pegasus/pycbc-search/run0080/00/00/fit_by_template_ID9_ID0000014.meta,/mnt/poseidon-data/poseidon/workflows/pycbc/search/poseidon/submit/poseidon/pegasus/pycbc-search/run0080/00/00/plot_throughput_ID63_ID0000175.meta --insert /mnt/poseidon-data/poseidon/workflows/pycbc/search/poseidon/submit/poseidon/pegasus/pycbc-search/run0080/00/01/register_condorpool_4_0.in",2.9,0,0,,,,,,,,,
register_condorpool_6_0,None,auxiliary,0,1715231010.0,,,1715231015.0,,,0.0,1715231017.0,1715231020.0,,,0.0,1715231020.0,1715231025.0,5.0,,2.0,3.0,5.0,,,,,poseidon,local,poseidon-submit,pegasus::rc-client,/mnt/poseidon-data/poseidon/pegasus-5.1.0panorama/bin/pegasus-rc-client,"pegasus-kickstart  -n pegasus::rc-client -N null -R local  -L pycbc-search -T 2024-03-27T21:26:08+00:00 /home/poseidon/pegasus-5.1.0panorama/bin/pegasus-rc-client --prefix pegasus.catalog.replica.output --conf /mnt/poseidon-data/poseidon/workflows/pycbc/search/poseidon/submit/poseidon/pegasus/pycbc-search/run0080/pegasus.17582139319119171220.properties -v --meta /mnt/poseidon-data/poseidon/workflows/pycbc/search/poseidon/submit/poseidon/pegasus/pycbc-search/run0080/00/01/sngls_ID23_ID0000153.meta,/mnt/poseidon-data/poseidon/workflows/pycbc/search/poseidon/submit/poseidon/pegasus/pycbc-search/run0080/00/01/sngls_ID23_ID0000024.meta,/mnt/poseidon-data/poseidon/workflows/pycbc/search/poseidon/submit/poseidon/pegasus/pycbc-search/run0080/00/01/coinc_ID15_ID0000145.meta,/mnt/poseidon-data/poseidon/workflows/pycbc/search/poseidon/submit/poseidon/pegasus/pycbc-search/run0080/00/01/coinc_ID15_ID0000149.meta,/mnt/poseidon-data/poseidon/workflows/pycbc/search/poseidon/submit/poseidon/pegasus/pycbc-search/run0080/00/01/coinc_ID15_ID0000016.meta,/mnt/poseidon-data/poseidon/workflows/pycbc/search/poseidon/submit/poseidon/pegasus/pycbc-search/run0080/00/01/sngls_ID23_ID0000028.meta,/mnt/poseidon-data/poseidon/workflows/pycbc/search/poseidon/submit/poseidon/pegasus/pycbc-search/run0080/00/01/coinc_ID15_ID0000022.meta --insert /mnt/poseidon-data/poseidon/workflows/pycbc/search/poseidon/submit/poseidon/pegasus/pycbc-search/run0080/00/01/register_condorpool_6_0.in",2.8,0,0,,,,,,,,,
stage_out_local_condorpool_0_0_pegasus-plan_ID0000076,None,transfer,0,1715231011.0,,,1715231016.0,,,0.0,1715231017.0,1715231031.0,1715231017.0,1715231021.0,188077.0,1715231031.0,1715231036.0,5.0,,1.0,14.0,5.0,,,4.0,758944.0,poseidon,local,poseidon-submit,pegasus::transfer,/mnt/poseidon-data/poseidon/pegasus-5.1.0panorama/bin/pegasus-transfer,/home/poseidon/pegasus-5.1.0panorama/bin/../bin/pegasus-kickstart  -n pegasus::transfer -N null -i - -R local  -L V1-SINGLES_MINIFOLLOWUP_FULL_DATA_ALL-1186740100-3400 -T 2024-03-13T22:37:56+00:00 /home/poseidon/pegasus-5.1.0panorama/bin/../bin/pegasus-transfer  --threads 2,0.7,0,0,,,,,,,,,
stage_out_local_condorpool_0_0_pegasus-plan_ID0000072,None,transfer,0,1715231016.0,,,1715231021.0,,,0.0,1715231021.0,1715231031.0,1715231021.0,1715231025.0,215429.0,1715231031.0,1715231036.0,5.0,,0.0,10.0,5.0,,,4.0,868288.0,poseidon,local,poseidon-submit,pegasus::transfer,/mnt/poseidon-data/poseidon/pegasus-5.1.0panorama/bin/pegasus-transfer,/home/poseidon/pegasus-5.1.0panorama/bin/../bin/pegasus-kickstart  -n pegasus::transfer -N null -i - -R local  -L L1-SINGLES_MINIFOLLOWUP_FULL_DATA_ALL-1186740100-3400 -T 2024-03-13T22:37:56+00:00 /home/poseidon/pegasus-5.1.0panorama/bin/../bin/pegasus-transfer  --threads 2,0.7,0,0,,,,,,,,,
single_template_plot_ID4_ID0000005_pegasus-plan_ID0000076,cpu_2,compute,0,1715231016.0,,,1715231021.0,1715231022.0,1715231037.0,144391964.2,1715231021.0,1715231056.0,1715231045.0,1715231048.0,48246.0,1715231056.0,1715231061.0,5.0,,0.0,35.0,5.0,15.0,1389826192.0,3.0,132875.0,poseidon,condorpool,poseidon-worker-2-container-40-43,single_template_plot_ID4,/usr/local/bin/pycbc_single_template_plot,,2.7,0,0,,,,,,,,,
single_template_plot_ID4_ID0000005_pegasus-plan_ID0000068,cpu_2,compute,0,1715231016.0,,,1715231021.0,1715231022.0,1715231037.0,144021735.0,1715231021.0,1715231056.0,1715231045.0,1715231048.0,40139.0,1715231056.0,1715231061.0,5.0,,0.0,35.0,5.0,15.0,1389826192.0,3.0,110789.0,poseidon,condorpool,poseidon-worker-2-container-44-47,single_template_plot_ID4,/usr/local/bin/pycbc_single_template_plot,,2.7,0,0,,,,,,,,,
single_template_plot_ID4_ID0000005_pegasus-plan_ID0000072,None,compute,0,1715231021.0,,,1715231026.0,1715231027.0,1715231042.0,143880308.7,1715231026.0,1715231061.0,1715231050.0,1715231053.0,45392.0,1715231061.0,1715231066.0,5.0,,0.0,35.0,5.0,15.0,1389826192.0,3.0,125403.0,poseidon,condorpool,poseidon-worker-1-container-0-3,single_template_plot_ID4,/usr/local/bin/pycbc_single_template_plot,,2.7,0,0,,,,,,,,,
register_condorpool_0_0_pegasus-plan_ID0000068,None,auxiliary,0,1715231031.0,,,1715231036.0,,,0.0,1715231036.0,1715231041.0,,,0.0,1715231041.0,1715231046.0,5.0,,0.0,5.0,5.0,,,,,poseidon,local,poseidon-submit,pegasus::rc-client,/mnt/poseidon-data/poseidon/pegasus-5.1.0panorama/bin/pegasus-rc-client,"-n pegasus::rc-client -N null -R local  -L H1-SINGLES_MINIFOLLOWUP_FULL_DATA_ALL-1186740100-3400 -T 2024-03-13T22:37:56+00:00 /home/poseidon/pegasus-5.1.0panorama/bin/pegasus-rc-client --prefix pegasus.catalog.replica.output --conf /mnt/poseidon-data/poseidon/workflows/pycbc/search/poseidon/submit/poseidon/pegasus/pycbc-search/run0080/00/01/./H1-SINGLES_MINIFOLLOWUP_FULL_DATA_ALL-1186740100-3400.dax_ID0000068.000/pegasus.14923236983687445157.properties -v --meta /mnt/poseidon-data/poseidon/workflows/pycbc/search/poseidon/submit/poseidon/pegasus/pycbc-search/run0080/00/01/./H1-SINGLES_MINIFOLLOWUP_FULL_DATA_ALL-1186740100-3400.dax_ID0000068.000/00/00/page_snglinfo_ID0_ID0000001.meta,/mnt/poseidon-data/poseidon/workflows/pycbc/search/poseidon/submit/poseidon/pegasus/pycbc-search/run0080/00/01/./H1-SINGLES_MINIFOLLOWUP_FULL_DATA_ALL-1186740100-3400.dax_ID0000068.000/00/00/plot_trigger_timeseries_ID1_ID0000003.meta,/mnt/poseidon-data/poseidon/workflows/pycbc/search/poseidon/submit/poseidon/pegasus/pycbc-search/run0080/00/01/./H1-SINGLES_MINIFOLLOWUP_FULL_DATA_ALL-1186740100-3400.dax_ID0000068.000/00/00/plot_trigger_timeseries_ID1_ID0000002.meta,/mnt/poseidon-data/poseidon/workflows/pycbc/search/poseidon/submit/poseidon/pegasus/pycbc-search/run0080/00/01/./H1-SINGLES_MINIFOLLOWUP_FULL_DATA_ALL-1186740100-3400.dax_ID0000068.000/00/00/single_template_ID3_ID0000004.meta,/mnt/poseidon-data/poseidon/workflows/pycbc/search/poseidon/submit/poseidon/pegasus/pycbc-search/run0080/00/01/./H1-SINGLES_MINIFOLLOWUP_FULL_DATA_ALL-1186740100-3400.dax_ID0000068.000/00/00/plot_qscan_ID7_ID0000008.meta,/mnt/poseidon-data/poseidon/workflows/pycbc/search/poseidon/submit/poseidon/pegasus/pycbc-search/run0080/00/01/./H1-SINGLES_MINIFOLLOWUP_FULL_DATA_ALL-1186740100-3400.dax_ID0000068.000/00/00/plot_waveform_ID5_ID0000006.meta,/mnt/poseidon-data/poseidon/workflows/pycbc/search/poseidon/submit/poseidon/pegasus/pycbc-search/run0080/00/01/./H1-SINGLES_MINIFOLLOWUP_FULL_DATA_ALL-1186740100-3400.dax_ID0000068.000/00/00/plot_singles_timefreq_ID6_ID0000007.meta --insert /mnt/poseidon-data/poseidon/workflows/pycbc/search/poseidon/submit/poseidon/pegasus/pycbc-search/run0080/00/01/./H1-SINGLES_MINIFOLLOWUP_FULL_DATA_ALL-1186740100-3400.dax_ID0000068.000/00/00/register_condorpool_0_0.in",2.9,0,0,,,,,,,,,
register_condorpool_0_0_pegasus-plan_ID0000072,None,auxiliary,0,1715231036.0,,,1715231041.0,,,0.0,1715231041.0,1715231046.0,,,0.0,1715231046.0,1715231051.0,5.0,,0.0,5.0,5.0,,,,,poseidon,local,poseidon-submit,pegasus::rc-client,/mnt/poseidon-data/poseidon/pegasus-5.1.0panorama/bin/pegasus-rc-client,"-n pegasus::rc-client -N null -R local  -L L1-SINGLES_MINIFOLLOWUP_FULL_DATA_ALL-1186740100-3400 -T 2024-03-13T22:37:56+00:00 /home/poseidon/pegasus-5.1.0panorama/bin/pegasus-rc-client --prefix pegasus.catalog.replica.output --conf /mnt/poseidon-data/poseidon/workflows/pycbc/search/poseidon/submit/poseidon/pegasus/pycbc-search/run0080/00/01/./L1-SINGLES_MINIFOLLOWUP_FULL_DATA_ALL-1186740100-3400.dax_ID0000072.000/pegasus.15307509011645335469.properties -v --meta /mnt/poseidon-data/poseidon/workflows/pycbc/search/poseidon/submit/poseidon/pegasus/pycbc-search/run0080/00/01/./L1-SINGLES_MINIFOLLOWUP_FULL_DATA_ALL-1186740100-3400.dax_ID0000072.000/00/00/plot_waveform_ID5_ID0000006.meta,/mnt/poseidon-data/poseidon/workflows/pycbc/search/poseidon/submit/poseidon/pegasus/pycbc-search/run0080/00/01/./L1-SINGLES_MINIFOLLOWUP_FULL_DATA_ALL-1186740100-3400.dax_ID0000072.000/00/00/plot_singles_timefreq_ID6_ID0000007.meta,/mnt/poseidon-data/poseidon/workflows/pycbc/search/poseidon/submit/poseidon/pegasus/pycbc-search/run0080/00/01/./L1-SINGLES_MINIFOLLOWUP_FULL_DATA_ALL-1186740100-3400.dax_ID0000072.000/00/00/page_snglinfo_ID0_ID0000001.meta,/mnt/poseidon-data/poseidon/workflows/pycbc/search/poseidon/submit/poseidon/pegasus/pycbc-search/run0080/00/01/./L1-SINGLES_MINIFOLLOWUP_FULL_DATA_ALL-1186740100-3400.dax_ID0000072.000/00/00/single_template_ID3_ID0000004.meta,/mnt/poseidon-data/poseidon/workflows/pycbc/search/poseidon/submit/poseidon/pegasus/pycbc-search/run0080/00/01/./L1-SINGLES_MINIFOLLOWUP_FULL_DATA_ALL-1186740100-3400.dax_ID0000072.000/00/00/plot_trigger_timeseries_ID1_ID0000003.meta,/mnt/poseidon-data/poseidon/workflows/pycbc/search/poseidon/submit/poseidon/pegasus/pycbc-search/run0080/00/01/./L1-SINGLES_MINIFOLLOWUP_FULL_DATA_ALL-1186740100-3400.dax_ID0000072.000/00/00/plot_trigger_timeseries_ID1_ID0000002.meta,/mnt/poseidon-data/poseidon/workflows/pycbc/search/poseidon/submit/poseidon/pegasus/pycbc-search/run0080/00/01/./L1-SINGLES_MINIFOLLOWUP_FULL_DATA_ALL-1186740100-3400.dax_ID0000072.000/00/00/plot_qscan_ID7_ID0000008.meta --insert /mnt/poseidon-data/poseidon/workflows/pycbc/search/poseidon/submit/poseidon/pegasus/pycbc-search/run0080/00/01/./L1-SINGLES_MINIFOLLOWUP_FULL_DATA_ALL-1186740100-3400.dax_ID0000072.000/00/00/register_condorpool_0_0.in",2.9,0,0,,,,,,,,,
register_condorpool_0_0_pegasus-plan_ID0000076,None,auxiliary,0,1715231036.0,,,1715231041.0,,,0.0,1715231043.0,1715231046.0,,,0.0,1715231046.0,1715231051.0,5.0,,2.0,3.0,5.0,,,,,poseidon,local,poseidon-submit,pegasus::rc-client,/mnt/poseidon-data/poseidon/pegasus-5.1.0panorama/bin/pegasus-rc-client,"-n pegasus::rc-client -N null -R local  -L V1-SINGLES_MINIFOLLOWUP_FULL_DATA_ALL-1186740100-3400 -T 2024-03-13T22:37:56+00:00 /home/poseidon/pegasus-5.1.0panorama/bin/pegasus-rc-client --prefix pegasus.catalog.replica.output --conf /mnt/poseidon-data/poseidon/workflows/pycbc/search/poseidon/submit/poseidon/pegasus/pycbc-search/run0080/00/01/./V1-SINGLES_MINIFOLLOWUP_FULL_DATA_ALL-1186740100-3400.dax_ID0000076.000/pegasus.1837196451616503758.properties -v --meta /mnt/poseidon-data/poseidon/workflows/pycbc/search/poseidon/submit/poseidon/pegasus/pycbc-search/run0080/00/01/./V1-SINGLES_MINIFOLLOWUP_FULL_DATA_ALL-1186740100-3400.dax_ID0000076.000/00/00/plot_qscan_ID7_ID0000008.meta,/mnt/poseidon-data/poseidon/workflows/pycbc/search/poseidon/submit/poseidon/pegasus/pycbc-search/run0080/00/01/./V1-SINGLES_MINIFOLLOWUP_FULL_DATA_ALL-1186740100-3400.dax_ID0000076.000/00/00/plot_waveform_ID5_ID0000006.meta,/mnt/poseidon-data/poseidon/workflows/pycbc/search/poseidon/submit/poseidon/pegasus/pycbc-search/run0080/00/01/./V1-SINGLES_MINIFOLLOWUP_FULL_DATA_ALL-1186740100-3400.dax_ID0000076.000/00/00/plot_singles_timefreq_ID6_ID0000007.meta,/mnt/poseidon-data/poseidon/workflows/pycbc/search/poseidon/submit/poseidon/pegasus/pycbc-search/run0080/00/01/./V1-SINGLES_MINIFOLLOWUP_FULL_DATA_ALL-1186740100-3400.dax_ID0000076.000/00/00/plot_trigger_timeseries_ID1_ID0000003.meta,/mnt/poseidon-data/poseidon/workflows/pycbc/search/poseidon/submit/poseidon/pegasus/pycbc-search/run0080/00/01/./V1-SINGLES_MINIFOLLOWUP_FULL_DATA_ALL-1186740100-3400.dax_ID0000076.000/00/00/page_snglinfo_ID0_ID0000001.meta,/mnt/poseidon-data/poseidon/workflows/pycbc/search/poseidon/submit/poseidon/pegasus/pycbc-search/run0080/00/01/./V1-SINGLES_MINIFOLLOWUP_FULL_DATA_ALL-1186740100-3400.dax_ID0000076.000/00/00/single_template_ID3_ID0000004.meta,/mnt/poseidon-data/poseidon/workflows/pycbc/search/poseidon/submit/poseidon/pegasus/pycbc-search/run0080/00/01/./V1-SINGLES_MINIFOLLOWUP_FULL_DATA_ALL-1186740100-3400.dax_ID0000076.000/00/00/plot_trigger_timeseries_ID1_ID0000002.meta --insert /mnt/poseidon-data/poseidon/workflows/pycbc/search/poseidon/submit/poseidon/pegasus/pycbc-search/run0080/00/01/./V1-SINGLES_MINIFOLLOWUP_FULL_DATA_ALL-1186740100-3400.dax_ID0000076.000/00/00/register_condorpool_0_0.in",2.9,0,0,,,,,,,,,
exclude_zerolag_ID29_ID0000030,None,compute,0,1715231050.0,,,1715231055.0,1715231056.0,1715231073.0,136550766.2,1715231055.0,1715231090.0,1715231081.0,1715231084.0,9667482.0,1715231090.0,1715231095.0,5.0,,0.0,35.0,5.0,17.0,1413118254.0,3.0,29655560.0,poseidon,condorpool,poseidon-worker-2-container-24-27,exclude_zerolag_ID29,/usr/local/bin/pycbc_exclude_zerolag,,2.3,0,0,,,,,,,,,
exclude_zerolag_ID29_ID0000033,cpu_2,compute,0,1715231050.0,,,1715231055.0,1715231056.0,1715231072.0,131707430.0,1715231055.0,1715231090.0,1715231080.0,1715231083.0,1302636.0,1715231090.0,1715231095.0,5.0,,0.0,35.0,5.0,16.0,1413118254.0,3.0,3819296.0,poseidon,condorpool,poseidon-worker-2-container-44-47,exclude_zerolag_ID29,/usr/local/bin/pycbc_exclude_zerolag,,1.9,0,0,,,,,,,,,
stage_out_local_condorpool_7_0,None,transfer,0,1715231050.0,,,1715231055.0,,,0.0,1715231055.0,1715231065.0,1715231055.0,1715231059.0,8250463.0,1715231065.0,1715231070.0,5.0,,0.0,10.0,5.0,,,4.0,33237294.0,poseidon,local,poseidon-submit,pegasus::transfer,/mnt/poseidon-data/poseidon/pegasus-5.1.0panorama/bin/pegasus-transfer,pegasus-kickstart  -n pegasus::transfer -N null -i - -R local  -L pycbc-search -T 2024-03-27T21:26:08+00:00 pegasus-transfer  --threads 2,0.9,0,0,,,,,,,,,
exclude_zerolag_ID29_ID0000034,cpu_2,compute,0,1715231050.0,,,1715231055.0,1715231056.0,1715231073.0,131762525.7,1715231055.0,1715231090.0,1715231080.0,1715231083.0,11878.0,1715231090.0,1715231095.0,5.0,,0.0,35.0,5.0,17.0,1413118254.0,3.0,33720.0,poseidon,condorpool,poseidon-worker-2-container-40-43,exclude_zerolag_ID29,/usr/local/bin/pycbc_exclude_zerolag,,2.0,0,0,,,,,,,,,
exclude_zerolag_ID29_ID0000035,None,compute,0,1715231050.0,,,1715231055.0,1715231060.0,1715231077.0,129799891.0,1715231059.0,1715231095.0,1715231084.0,1715231087.0,26084.0,1715231095.0,1715231101.0,5.0,,4.0,36.0,6.0,17.0,1413118254.0,3.0,72164.0,poseidon,condorpool,poseidon-worker-1-container-0-3,exclude_zerolag_ID29,/usr/local/bin/pycbc_exclude_zerolag,,1.9,0,0,,,,,,,,,
exclude_zerolag_ID29_ID0000032,None,compute,0,1715231050.0,,,1715231055.0,1715231056.0,1715231073.0,136891756.0,1715231055.0,1715231090.0,1715231080.0,1715231083.0,9610731.0,1715231090.0,1715231095.0,5.0,,0.0,35.0,5.0,17.0,1413118254.0,3.0,29424976.0,poseidon,condorpool,poseidon-worker-1-container-12-15,exclude_zerolag_ID29,/usr/local/bin/pycbc_exclude_zerolag,,2.1,0,0,,,,,,,,,
exclude_zerolag_ID29_ID0000036,cpu_2,compute,0,1715231050.0,,,1715231055.0,1715231062.0,1715231079.0,131691755.8,1715231061.0,1715231095.0,1715231086.0,1715231089.0,23797.0,1715231095.0,1715231101.0,5.0,,6.0,34.0,6.0,17.0,1413118254.0,3.0,65204.0,poseidon,condorpool,poseidon-worker-2-container-44-47,exclude_zerolag_ID29,/usr/local/bin/pycbc_exclude_zerolag,,1.8,0,0,,,,,,,,,
exclude_zerolag_ID29_ID0000031,None,compute,0,1715231050.0,,,1715231055.0,1715231056.0,1715231073.0,124176675.1,1715231055.0,1715231090.0,1715231081.0,1715231084.0,9679943.0,1715231090.0,1715231095.0,5.0,,0.0,35.0,5.0,17.0,1413118254.0,3.0,29667872.0,poseidon,condorpool,poseidon-worker-1-container-44-47,exclude_zerolag_ID29,/usr/local/bin/pycbc_exclude_zerolag,,2.2,0,0,,,,,,,,,
stage_out_local_condorpool_1_0_pegasus-plan_ID0000076,None,transfer,0,1715231061.0,,,1715231066.0,,,0.0,1715231072.0,1715231081.0,1715231072.0,1715231075.0,62635.0,1715231081.0,1715231086.0,5.0,,6.0,9.0,5.0,,,3.0,132875.0,poseidon,local,poseidon-submit,pegasus::transfer,/mnt/poseidon-data/poseidon/pegasus-5.1.0panorama/bin/pegasus-transfer,/home/poseidon/pegasus-5.1.0panorama/bin/../bin/pegasus-kickstart  -n pegasus::transfer -N null -i - -R local  -L V1-SINGLES_MINIFOLLOWUP_FULL_DATA_ALL-1186740100-3400 -T 2024-03-13T22:37:56+00:00 /home/poseidon/pegasus-5.1.0panorama/bin/../bin/pegasus-transfer  --threads 2,0.3,0,0,,,,,,,,,
stage_out_local_condorpool_1_0_pegasus-plan_ID0000068,None,transfer,0,1715231061.0,,,1715231066.0,,,0.0,1715231066.0,1715231076.0,1715231066.0,1715231069.0,52515.0,1715231076.0,1715231081.0,5.0,,0.0,10.0,5.0,,,3.0,110789.0,poseidon,local,poseidon-submit,pegasus::transfer,/mnt/poseidon-data/poseidon/pegasus-5.1.0panorama/bin/pegasus-transfer,/home/poseidon/pegasus-5.1.0panorama/bin/../bin/pegasus-kickstart  -n pegasus::transfer -N null -i - -R local  -L H1-SINGLES_MINIFOLLOWUP_FULL_DATA_ALL-1186740100-3400 -T 2024-03-13T22:37:56+00:00 /home/poseidon/pegasus-5.1.0panorama/bin/../bin/pegasus-transfer  --threads 2,0.3,0,0,,,,,,,,,
stage_out_local_condorpool_1_0_pegasus-plan_ID0000072,None,transfer,0,1715231066.0,,,1715231071.0,,,0.0,1715231072.0,1715231081.0,1715231072.0,1715231075.0,59216.0,1715231081.0,1715231086.0,5.0,,1.0,9.0,5.0,,,3.0,125403.0,poseidon,local,poseidon-submit,pegasus::transfer,/mnt/poseidon-data/poseidon/pegasus-5.1.0panorama/bin/pegasus-transfer,/home/poseidon/pegasus-5.1.0panorama/bin/../bin/pegasus-kickstart  -n pegasus::transfer -N null -i - -R local  -L L1-SINGLES_MINIFOLLOWUP_FULL_DATA_ALL-1186740100-3400 -T 2024-03-13T22:37:56+00:00 /home/poseidon/pegasus-5.1.0panorama/bin/../bin/pegasus-transfer  --threads 2,0.3,0,0,,,,,,,,,
register_condorpool_7_0,None,auxiliary,0,1715231070.0,,,1715231075.0,,,0.0,1715231075.0,1715231080.0,,,0.0,1715231080.0,1715231085.0,5.0,,0.0,5.0,5.0,,,,,poseidon,local,poseidon-submit,pegasus::rc-client,/mnt/poseidon-data/poseidon/pegasus-5.1.0panorama/bin/pegasus-rc-client,"pegasus-kickstart  -n pegasus::rc-client -N null -R local  -L pycbc-search -T 2024-03-27T21:26:08+00:00 /home/poseidon/pegasus-5.1.0panorama/bin/pegasus-rc-client --prefix pegasus.catalog.replica.output --conf /mnt/poseidon-data/poseidon/workflows/pycbc/search/poseidon/submit/poseidon/pegasus/pycbc-search/run0080/pegasus.17582139319119171220.properties -v --meta /mnt/poseidon-data/poseidon/workflows/pycbc/search/poseidon/submit/poseidon/pegasus/pycbc-search/run0080/00/01/statmap_ID16_ID0000021.meta,/mnt/poseidon-data/poseidon/workflows/pycbc/search/poseidon/submit/poseidon/pegasus/pycbc-search/run0080/00/01/sngls_statmap_ID24_ID0000029.meta,/mnt/poseidon-data/poseidon/workflows/pycbc/search/poseidon/submit/poseidon/pegasus/pycbc-search/run0080/00/01/statmap_ID16_ID0000019.meta,/mnt/poseidon-data/poseidon/workflows/pycbc/search/poseidon/submit/poseidon/pegasus/pycbc-search/run0080/00/01/statmap_ID16_ID0000017.meta,/mnt/poseidon-data/poseidon/workflows/pycbc/search/poseidon/submit/poseidon/pegasus/pycbc-search/run0080/00/01/sngls_statmap_ID24_ID0000025.meta,/mnt/poseidon-data/poseidon/workflows/pycbc/search/poseidon/submit/poseidon/pegasus/pycbc-search/run0080/00/01/statmap_ID16_ID0000023.meta,/mnt/poseidon-data/poseidon/workflows/pycbc/search/poseidon/submit/poseidon/pegasus/pycbc-search/run0080/00/01/sngls_statmap_ID24_ID0000027.meta --insert /mnt/poseidon-data/poseidon/workflows/pycbc/search/poseidon/submit/poseidon/pegasus/pycbc-search/run0080/00/01/register_condorpool_7_0.in",2.9,0,0,,,,,,,,,
register_condorpool_1_0_pegasus-plan_ID0000068,None,auxiliary,0,1715231081.0,,,1715231086.0,,,0.0,1715231086.0,1715231091.0,,,0.0,1715231091.0,1715231096.0,5.0,,0.0,5.0,5.0,,,,,poseidon,local,poseidon-submit,pegasus::rc-client,/mnt/poseidon-data/poseidon/pegasus-5.1.0panorama/bin/pegasus-rc-client,-n pegasus::rc-client -N null -R local  -L H1-SINGLES_MINIFOLLOWUP_FULL_DATA_ALL-1186740100-3400 -T 2024-03-13T22:37:56+00:00 /home/poseidon/pegasus-5.1.0panorama/bin/pegasus-rc-client --prefix pegasus.catalog.replica.output --conf /mnt/poseidon-data/poseidon/workflows/pycbc/search/poseidon/submit/poseidon/pegasus/pycbc-search/run0080/00/01/./H1-SINGLES_MINIFOLLOWUP_FULL_DATA_ALL-1186740100-3400.dax_ID0000068.000/pegasus.14923236983687445157.properties -v --meta /mnt/poseidon-data/poseidon/workflows/pycbc/search/poseidon/submit/poseidon/pegasus/pycbc-search/run0080/00/01/./H1-SINGLES_MINIFOLLOWUP_FULL_DATA_ALL-1186740100-3400.dax_ID0000068.000/00/00/single_template_plot_ID4_ID0000005.meta --insert /mnt/poseidon-data/poseidon/workflows/pycbc/search/poseidon/submit/poseidon/pegasus/pycbc-search/run0080/00/01/./H1-SINGLES_MINIFOLLOWUP_FULL_DATA_ALL-1186740100-3400.dax_ID0000068.000/00/00/register_condorpool_1_0.in,2.7,0,0,,,,,,,,,
register_condorpool_1_0_pegasus-plan_ID0000076,None,auxiliary,0,1715231086.0,,,1715231091.0,,,0.0,1715231091.0,1715231096.0,,,0.0,1715231096.0,1715231101.0,5.0,,0.0,5.0,5.0,,,,,poseidon,local,poseidon-submit,pegasus::rc-client,/mnt/poseidon-data/poseidon/pegasus-5.1.0panorama/bin/pegasus-rc-client,-n pegasus::rc-client -N null -R local  -L V1-SINGLES_MINIFOLLOWUP_FULL_DATA_ALL-1186740100-3400 -T 2024-03-13T22:37:56+00:00 /home/poseidon/pegasus-5.1.0panorama/bin/pegasus-rc-client --prefix pegasus.catalog.replica.output --conf /mnt/poseidon-data/poseidon/workflows/pycbc/search/poseidon/submit/poseidon/pegasus/pycbc-search/run0080/00/01/./V1-SINGLES_MINIFOLLOWUP_FULL_DATA_ALL-1186740100-3400.dax_ID0000076.000/pegasus.1837196451616503758.properties -v --meta /mnt/poseidon-data/poseidon/workflows/pycbc/search/poseidon/submit/poseidon/pegasus/pycbc-search/run0080/00/01/./V1-SINGLES_MINIFOLLOWUP_FULL_DATA_ALL-1186740100-3400.dax_ID0000076.000/00/00/single_template_plot_ID4_ID0000005.meta --insert /mnt/poseidon-data/poseidon/workflows/pycbc/search/poseidon/submit/poseidon/pegasus/pycbc-search/run0080/00/01/./V1-SINGLES_MINIFOLLOWUP_FULL_DATA_ALL-1186740100-3400.dax_ID0000076.000/00/00/register_condorpool_1_0.in,3.1,0,0,,,,,,,,,
register_condorpool_1_0_pegasus-plan_ID0000072,None,auxiliary,0,1715231086.0,,,1715231091.0,,,0.0,1715231092.0,1715231096.0,,,0.0,1715231096.0,1715231101.0,5.0,,1.0,4.0,5.0,,,,,poseidon,local,poseidon-submit,pegasus::rc-client,/mnt/poseidon-data/poseidon/pegasus-5.1.0panorama/bin/pegasus-rc-client,-n pegasus::rc-client -N null -R local  -L L1-SINGLES_MINIFOLLOWUP_FULL_DATA_ALL-1186740100-3400 -T 2024-03-13T22:37:56+00:00 /home/poseidon/pegasus-5.1.0panorama/bin/pegasus-rc-client --prefix pegasus.catalog.replica.output --conf /mnt/poseidon-data/poseidon/workflows/pycbc/search/poseidon/submit/poseidon/pegasus/pycbc-search/run0080/00/01/./L1-SINGLES_MINIFOLLOWUP_FULL_DATA_ALL-1186740100-3400.dax_ID0000072.000/pegasus.15307509011645335469.properties -v --meta /mnt/poseidon-data/poseidon/workflows/pycbc/search/poseidon/submit/poseidon/pegasus/pycbc-search/run0080/00/01/./L1-SINGLES_MINIFOLLOWUP_FULL_DATA_ALL-1186740100-3400.dax_ID0000072.000/00/00/single_template_plot_ID4_ID0000005.meta --insert /mnt/poseidon-data/poseidon/workflows/pycbc/search/poseidon/submit/poseidon/pegasus/pycbc-search/run0080/00/01/./L1-SINGLES_MINIFOLLOWUP_FULL_DATA_ALL-1186740100-3400.dax_ID0000072.000/00/00/register_condorpool_1_0.in,2.9,0,0,,,,,,,,,
plot_snrifar_ID76_ID0000109,None,compute,0,1715231095.0,,,1715231101.0,1715231102.0,1715231163.0,25181597.3,1715231101.0,1715231181.0,1715231171.0,1715231174.0,15056.0,1715231181.0,1715231186.0,6.0,,0.0,80.0,5.0,61.0,1383700256.0,3.0,41066.0,poseidon,condorpool,poseidon-worker-1-container-36-39,plot_snrifar_ID76,/usr/local/bin/pycbc_page_snrifar,,3.0,0,0,,,,,,,,,
statmap_inj_ID135_ID0000148,None,compute,0,1715231095.0,,,1715231101.0,1715231103.0,1715231122.0,111722559.5,1715231101.0,1715231141.0,1715231130.0,1715231134.0,6571.0,1715231141.0,1715231146.0,6.0,,0.0,40.0,5.0,19.0,1409365720.0,4.0,20648.0,poseidon,condorpool,poseidon-worker-2-container-28-31,statmap_inj_ID135,/usr/local/bin/pycbc_coinc_statmap_inj,,2.6,0,0,,,,,,,,,
plot_snrratehist_ID78_ID0000115,None,compute,0,1715231095.0,,,1715231101.0,1715231102.0,1715231147.0,34975719.2,1715231101.0,1715231166.0,1715231155.0,1715231158.0,9263.0,1715231166.0,1715231171.0,6.0,,0.0,65.0,5.0,45.0,1379914680.0,3.0,25995.0,poseidon,condorpool,poseidon-worker-1-container-44-47,plot_snrratehist_ID78,/usr/local/bin/pycbc_page_snrratehist,,2.6,0,0,,,,,,,,,
page_ifar_ID80_ID0000117,None,compute,0,1715231095.0,,,1715231101.0,1715231102.0,1715231124.0,89540113.1,1715231101.0,1715231146.0,1715231133.0,1715231136.0,14494.0,1715231146.0,1715231151.0,6.0,,0.0,45.0,5.0,22.0,1379914680.0,3.0,40447.0,poseidon,condorpool,poseidon-worker-1-container-12-15,page_ifar_ID80,/usr/local/bin/pycbc_page_ifar,,3.4,0,0,,,,,,,,,
statmap_inj_ID135_ID0000146,cpu_2,compute,0,1715231095.0,,,1715231101.0,1715231103.0,1715231127.0,82694699.1,1715231102.0,1715231146.0,1715231137.0,1715231139.0,7386.0,1715231146.0,1715231151.0,6.0,,1.0,44.0,5.0,24.0,1409621082.0,2.0,20648.0,poseidon,condorpool,poseidon-worker-2-container-16-19,statmap_inj_ID135,/usr/local/bin/pycbc_coinc_statmap_inj,,2.4,0,0,,,,,,,,,
plot_snrifar_ID76_ID0000093,None,compute,0,1715231095.0,,,1715231101.0,1715231102.0,1715231147.0,36175934.5,1715231101.0,1715231166.0,1715231155.0,1715231158.0,7595.0,1715231166.0,1715231171.0,6.0,,0.0,65.0,5.0,45.0,1409548832.0,3.0,21427.0,poseidon,condorpool,poseidon-worker-2-container-0-3,plot_snrifar_ID76,/usr/local/bin/pycbc_page_snrifar,,2.7,0,0,,,,,,,,,
page_foreground_ID71_ID0000098,cpu_2,compute,0,1715231095.0,,,1715231101.0,1715231103.0,1715231149.0,35419515.7,1715231102.0,1715231166.0,1715231157.0,1715231160.0,17416.0,1715231166.0,1715231171.0,6.0,,1.0,64.0,5.0,46.0,1427133985.0,3.0,47937.0,poseidon,condorpool,poseidon-worker-2-container-12-15,page_foreground_ID71,/usr/local/bin/pycbc_page_foreground,,2.7,0,0,,,,,,,,,
plot_snrifar_ID76_ID0000092,cpu_2,compute,0,1715231095.0,,,1715231101.0,1715231102.0,1715231125.0,85677658.9,1715231101.0,1715231146.0,1715231136.0,1715231138.0,12512.0,1715231146.0,1715231151.0,6.0,,0.0,45.0,5.0,23.0,1409548832.0,2.0,35014.0,poseidon,condorpool,poseidon-worker-2-container-8-11,plot_snrifar_ID76,/usr/local/bin/pycbc_page_snrifar,,3.5,0,0,,,,,,,,,
plot_snrifar_ID76_ID0000095,None,compute,0,1715231095.0,,,1715231101.0,1715231102.0,1715231147.0,36915170.1,1715231101.0,1715231166.0,1715231155.0,1715231158.0,14607.0,1715231166.0,1715231171.0,6.0,,0.0,65.0,5.0,45.0,1409548832.0,3.0,40302.0,poseidon,condorpool,poseidon-worker-1-container-4-7,plot_snrifar_ID76,/usr/local/bin/pycbc_page_snrifar,,2.9,0,0,,,,,,,,,
plot_snrratehist_ID78_ID0000094,None,compute,0,1715231095.0,,,1715231101.0,1715231104.0,1715231125.0,97938627.0,1715231103.0,1715231146.0,1715231134.0,1715231137.0,13909.0,1715231146.0,1715231151.0,6.0,,2.0,43.0,5.0,21.0,1409548832.0,3.0,38724.0,poseidon,condorpool,poseidon-worker-1-container-44-47,plot_snrratehist_ID78,/usr/local/bin/pycbc_page_snrratehist,,3.3,0,0,,,,,,,,,
page_ifar_ID80_ID0000097,cpu_2,compute,0,1715231095.0,,,1715231101.0,1715231103.0,1715231141.0,45041135.9,1715231101.0,1715231161.0,1715231150.0,1715231152.0,27150.0,1715231161.0,1715231166.0,6.0,,0.0,60.0,5.0,38.0,1409548832.0,2.0,74370.0,poseidon,condorpool,poseidon-worker-2-container-40-43,page_ifar_ID80,/usr/local/bin/pycbc_page_ifar,,3.7,0,0,,,,,,,,,
page_ifar_ID80_ID0000096,None,compute,0,1715231095.0,,,1715231101.0,1715231102.0,1715231160.0,27250121.1,1715231101.0,1715231181.0,1715231170.0,1715231172.0,21669.0,1715231181.0,1715231186.0,6.0,,0.0,80.0,5.0,58.0,1409548832.0,2.0,59500.0,poseidon,condorpool,poseidon-worker-1-container-0-3,page_ifar_ID80,/usr/local/bin/pycbc_page_ifar,,3.7,0,0,,,,,,,,,
plot_snrratehist_ID78_ID0000101,None,compute,0,1715231095.0,,,1715231101.0,1715231102.0,1715231154.0,31157557.8,1715231101.0,1715231171.0,1715231162.0,1715231165.0,12685.0,1715231171.0,1715231176.0,6.0,,0.0,70.0,5.0,52.0,1409305936.0,3.0,35182.0,poseidon,condorpool,poseidon-worker-1-container-12-15,plot_snrratehist_ID78,/usr/local/bin/pycbc_page_snrratehist,,3.0,0,0,,,,,,,,,
page_ifar_ID80_ID0000104,None,compute,0,1715231095.0,,,1715231101.0,1715231102.0,1715231147.0,36987406.9,1715231101.0,1715231166.0,1715231156.0,1715231159.0,24118.0,1715231166.0,1715231171.0,6.0,,0.0,65.0,5.0,45.0,1409305936.0,3.0,68085.0,poseidon,condorpool,poseidon-worker-2-container-24-27,page_ifar_ID80,/usr/local/bin/pycbc_page_ifar,,3.9,0,0,,,,,,,,,
page_ifar_ID80_ID0000103,None,compute,0,1715231095.0,,,1715231101.0,1715231103.0,1715231146.0,37675566.0,1715231101.0,1715231166.0,1715231156.0,1715231159.0,20387.0,1715231166.0,1715231171.0,6.0,,0.0,65.0,5.0,43.0,1409305936.0,3.0,57692.0,poseidon,condorpool,poseidon-worker-1-container-0-3,page_ifar_ID80,/usr/local/bin/pycbc_page_ifar,,4.1,0,0,,,,,,,,,
plot_snrifar_ID76_ID0000100,cpu_2,compute,0,1715231095.0,,,1715231101.0,1715231103.0,1715231143.0,41770975.6,1715231101.0,1715231161.0,1715231151.0,1715231154.0,8085.0,1715231161.0,1715231166.0,6.0,,0.0,60.0,5.0,40.0,1409305936.0,3.0,22341.0,poseidon,condorpool,poseidon-worker-2-container-40-43,plot_snrifar_ID76,/usr/local/bin/pycbc_page_snrifar,,2.6,0,0,,,,,,,,,
plot_snrifar_ID76_ID0000102,cpu_2,compute,0,1715231095.0,,,1715231101.0,1715231102.0,1715231150.0,33876103.5,1715231101.0,1715231171.0,1715231159.0,1715231161.0,13881.0,1715231171.0,1715231176.0,6.0,,0.0,70.0,5.0,48.0,1409305936.0,2.0,37944.0,poseidon,condorpool,poseidon-worker-2-container-44-47,plot_snrifar_ID76,/usr/local/bin/pycbc_page_snrifar,,2.8,0,0,,,,,,,,,
sngls_statmap_inj_ID143_ID0000152,None,compute,0,1715231095.0,,,1715231101.0,1715231102.0,1715231129.0,66857125.8,1715231101.0,1715231146.0,1715231137.0,1715231140.0,16251.0,1715231146.0,1715231151.0,6.0,,0.0,45.0,5.0,27.0,1379950070.0,3.0,44832.0,poseidon,condorpool,poseidon-worker-1-container-36-39,sngls_statmap_inj_ID143,/usr/local/bin/pycbc_sngls_statmap_inj,,2.5,0,0,,,,,,,,,
plot_snrifar_ID76_ID0000114,cpu_2,compute,0,1715231095.0,,,1715231101.0,1715231102.0,1715231131.0,62101409.5,1715231101.0,1715231151.0,1715231140.0,1715231143.0,7845.0,1715231151.0,1715231156.0,6.0,,0.0,50.0,5.0,29.0,1379914680.0,3.0,21571.0,poseidon,condorpool,poseidon-worker-2-container-40-43,plot_snrifar_ID76,/usr/local/bin/pycbc_page_snrifar,,3.0,0,0,,,,,,,,,
plot_snrifar_ID76_ID0000116,None,compute,0,1715231095.0,,,1715231101.0,1715231102.0,1715231144.0,38361145.4,1715231101.0,1715231166.0,1715231153.0,1715231156.0,11285.0,1715231166.0,1715231171.0,6.0,,0.0,65.0,5.0,42.0,1379914680.0,3.0,31057.0,poseidon,condorpool,poseidon-worker-1-container-0-3,plot_snrifar_ID76,/usr/local/bin/pycbc_page_snrifar,,3.1,0,0,,,,,,,,,
plot_snrifar_ID76_ID0000113,cpu_2,compute,0,1715231095.0,,,1715231101.0,1715231102.0,1715231151.0,31817960.7,1715231101.0,1715231171.0,1715231159.0,1715231162.0,10908.0,1715231171.0,1715231176.0,6.0,,0.0,70.0,5.0,49.0,1379914680.0,3.0,29660.0,poseidon,condorpool,poseidon-worker-2-container-44-47,plot_snrifar_ID76,/usr/local/bin/pycbc_page_snrifar,,2.5,0,0,,,,,,,,,
plot_snrifar_ID76_ID0000088,None,compute,0,1715231095.0,,,1715231101.0,1715231102.0,1715231148.0,35802937.4,1715231101.0,1715231166.0,1715231156.0,1715231159.0,14628.0,1715231166.0,1715231171.0,6.0,,0.0,65.0,5.0,46.0,1409536520.0,3.0,40922.0,poseidon,condorpool,poseidon-worker-2-container-36-39,plot_snrifar_ID76,/usr/local/bin/pycbc_page_snrifar,,3.0,0,0,,,,,,,,,
plot_snrifar_ID76_ID0000086,None,compute,0,1715231095.0,,,1715231101.0,1715231102.0,1715231140.0,44320262.4,1715231101.0,1715231161.0,1715231149.0,1715231152.0,8013.0,1715231161.0,1715231166.0,6.0,,0.0,60.0,5.0,38.0,1409536520.0,3.0,22033.0,poseidon,condorpool,poseidon-worker-2-container-20-23,plot_snrifar_ID76,/usr/local/bin/pycbc_page_snrifar,,2.7,0,0,,,,,,,,,
plot_snrifar_ID76_ID0000085,None,compute,0,1715231095.0,,,1715231101.0,1715231102.0,1715231147.0,36283546.9,1715231101.0,1715231166.0,1715231156.0,1715231158.0,12529.0,1715231166.0,1715231171.0,6.0,,0.0,65.0,5.0,45.0,1409536520.0,2.0,35334.0,poseidon,condorpool,poseidon-worker-2-container-32-35,plot_snrifar_ID76,/usr/local/bin/pycbc_page_snrifar,,3.1,0,0,,,,,,,,,
page_foreground_ID71_ID0000091,cpu_2,compute,0,1715231095.0,,,1715231101.0,1715231102.0,1715231148.0,36126473.7,1715231101.0,1715231166.0,1715231156.0,1715231159.0,17080.0,1715231166.0,1715231171.0,6.0,,0.0,65.0,5.0,46.0,1427121673.0,3.0,47795.0,poseidon,condorpool,poseidon-worker-2-container-16-19,page_foreground_ID71,/usr/local/bin/pycbc_page_foreground,,2.7,0,0,,,,,,,,,
plot_snrratehist_ID78_ID0000087,None,compute,0,1715231095.0,,,1715231101.0,1715231102.0,1715231147.0,36477220.0,1715231101.0,1715231166.0,1715231156.0,1715231158.0,13181.0,1715231166.0,1715231171.0,6.0,,0.0,65.0,5.0,45.0,1409536520.0,2.0,37112.0,poseidon,condorpool,poseidon-worker-1-container-20-23,plot_snrratehist_ID78,/usr/local/bin/pycbc_page_snrratehist,,3.1,0,0,,,,,,,,,
page_ifar_ID80_ID0000089,None,compute,0,1715231095.0,,,1715231101.0,1715231102.0,1715231130.0,67444659.2,1715231101.0,1715231151.0,1715231140.0,1715231143.0,19874.0,1715231151.0,1715231156.0,6.0,,0.0,50.0,5.0,28.0,1409536520.0,3.0,56191.0,poseidon,condorpool,poseidon-worker-1-container-16-19,page_ifar_ID80,/usr/local/bin/pycbc_page_ifar,,4.5,0,0,,,,,,,,,
page_ifar_ID80_ID0000090,None,compute,0,1715231095.0,,,1715231101.0,1715231102.0,1715231133.0,56553680.9,1715231101.0,1715231156.0,1715231143.0,1715231146.0,26429.0,1715231156.0,1715231161.0,6.0,,0.0,55.0,5.0,31.0,1409536520.0,3.0,73202.0,poseidon,condorpool,poseidon-worker-2-container-4-7,page_ifar_ID80,/usr/local/bin/pycbc_page_ifar,,4.3,0,0,,,,,,,,,
page_foreground_ID71_ID0000105,None,compute,0,1715231095.0,,,1715231101.0,1715231102.0,1715231133.0,57834553.1,1715231101.0,1715231151.0,1715231142.0,1715231145.0,16796.0,1715231151.0,1715231156.0,6.0,,0.0,50.0,5.0,31.0,1426891089.0,3.0,46038.0,poseidon,condorpool,poseidon-worker-1-container-44-47,page_foreground_ID71,/usr/local/bin/pycbc_page_foreground,,3.3,0,0,,,,,,,,,
statmap_inj_ID135_ID0000144,None,compute,0,1715231095.0,,,1715231101.0,1715231104.0,1715231132.0,63590155.9,1715231103.0,1715231151.0,1715231140.0,1715231143.0,7405.0,1715231151.0,1715231156.0,6.0,,2.0,48.0,5.0,28.0,1409596060.0,3.0,20648.0,poseidon,condorpool,poseidon-worker-1-container-24-27,statmap_inj_ID135,/usr/local/bin/pycbc_coinc_statmap_inj,,2.6,0,0,,,,,,,,,
page_foreground_ID71_ID0000112,None,compute,0,1715231095.0,,,1715231101.0,1715231102.0,1715231149.0,34671605.8,1715231101.0,1715231166.0,1715231157.0,1715231160.0,2883.0,1715231166.0,1715231171.0,6.0,,0.0,65.0,5.0,47.0,1401285409.0,3.0,7892.0,poseidon,condorpool,poseidon-worker-1-container-32-35,page_foreground_ID71,/usr/local/bin/pycbc_page_foreground,,2.8,0,0,,,,,,,,,
page_ifar_ID80_ID0000110,None,compute,0,1715231095.0,,,1715231101.0,1715231102.0,1715231133.0,56043575.6,1715231101.0,1715231156.0,1715231143.0,1715231146.0,25495.0,1715231156.0,1715231161.0,6.0,,0.0,55.0,5.0,31.0,1383700256.0,3.0,70136.0,poseidon,condorpool,poseidon-worker-1-container-8-11,page_ifar_ID80,/usr/local/bin/pycbc_page_ifar,,3.8,0,0,,,,,,,,,
page_ifar_ID80_ID0000111,None,compute,0,1715231095.0,,,1715231101.0,1715231102.0,1715231140.0,45412935.5,1715231101.0,1715231161.0,1715231149.0,1715231152.0,24868.0,1715231161.0,1715231166.0,6.0,,0.0,60.0,5.0,38.0,1383700256.0,3.0,68447.0,poseidon,condorpool,poseidon-worker-2-container-28-31,page_ifar_ID80,/usr/local/bin/pycbc_page_ifar,,3.9,0,0,,,,,,,,,
statmap_inj_ID135_ID0000150,None,compute,0,1715231095.0,,,1715231101.0,1715231102.0,1715231146.0,37481172.3,1715231101.0,1715231166.0,1715231153.0,1715231156.0,7448.0,1715231166.0,1715231171.0,6.0,,0.0,65.0,5.0,44.0,1383753836.0,3.0,20464.0,poseidon,condorpool,poseidon-worker-1-container-8-11,statmap_inj_ID135,/usr/local/bin/pycbc_coinc_statmap_inj,,2.1,0,0,,,,,,,,,
plot_snrifar_ID76_ID0000107,None,compute,0,1715231095.0,,,1715231101.0,1715231102.0,1715231138.0,47036216.6,1715231101.0,1715231156.0,1715231147.0,1715231150.0,9860.0,1715231156.0,1715231161.0,6.0,,0.0,55.0,5.0,36.0,1383700256.0,3.0,27283.0,poseidon,condorpool,poseidon-worker-1-container-28-31,plot_snrifar_ID76,/usr/local/bin/pycbc_page_snrifar,,3.2,0,0,,,,,,,,,
plot_snrratehist_ID78_ID0000108,None,compute,0,1715231095.0,,,1715231101.0,1715231102.0,1715231158.0,27670467.8,1715231101.0,1715231176.0,1715231167.0,1715231169.0,12960.0,1715231176.0,1715231181.0,6.0,,0.0,75.0,5.0,56.0,1383700256.0,2.0,35648.0,poseidon,condorpool,poseidon-worker-1-container-24-27,plot_snrratehist_ID78,/usr/local/bin/pycbc_page_snrratehist,,2.9,0,0,,,,,,,,,
page_foreground_ID71_ID0000118,None,compute,0,1715231095.0,,,1715231101.0,1715231102.0,1715231148.0,35208610.9,1715231101.0,1715231166.0,1715231156.0,1715231159.0,6433.0,1715231166.0,1715231171.0,6.0,,0.0,65.0,5.0,46.0,1397499833.0,3.0,17900.0,poseidon,condorpool,poseidon-worker-2-container-24-27,page_foreground_ID71,/usr/local/bin/pycbc_page_foreground,,2.9,0,0,,,,,,,,,
plot_snrifar_ID76_ID0000106,None,compute,0,1715231095.0,,,1715231101.0,1715231102.0,1715231144.0,38448189.1,1715231101.0,1715231161.0,1715231152.0,1715231155.0,12602.0,1715231161.0,1715231166.0,6.0,,0.0,60.0,5.0,42.0,1383700256.0,3.0,35119.0,poseidon,condorpool,poseidon-worker-1-container-40-43,plot_snrifar_ID76,/usr/local/bin/pycbc_page_snrifar,,2.8,0,0,,,,,,,,,
plot_snrifar_ID76_ID0000099,cpu_2,compute,0,1715231095.0,,,1715231101.0,1715231103.0,1715231146.0,38128935.7,1715231102.0,1715231166.0,1715231155.0,1715231158.0,11190.0,1715231166.0,1715231171.0,6.0,,1.0,64.0,5.0,43.0,1409305936.0,3.0,31976.0,poseidon,condorpool,poseidon-worker-2-container-44-47,plot_snrifar_ID76,/usr/local/bin/pycbc_page_snrifar,,2.9,0,0,,,,,,,,,
plot_snrifar_ID76_ID0000119,None,compute,0,1715231101.0,,,1715231106.0,1715231123.0,1715231159.0,45259604.9,1715231122.0,1715231176.0,1715231167.0,1715231170.0,10785.0,1715231176.0,1715231181.0,5.0,,16.0,54.0,5.0,36.0,1379953124.0,3.0,29962.0,poseidon,condorpool,poseidon-worker-1-container-12-15,plot_snrifar_ID76,/usr/local/bin/pycbc_page_snrifar,,2.6,0,0,,,,,,,,,
page_ifar_ID80_ID0000123,None,compute,0,1715231101.0,,,1715231106.0,1715231122.0,1715231158.0,46953664.1,1715231122.0,1715231176.0,1715231167.0,1715231170.0,15684.0,1715231176.0,1715231181.0,5.0,,16.0,54.0,5.0,36.0,1379953124.0,3.0,43163.0,poseidon,condorpool,poseidon-worker-2-container-24-27,page_ifar_ID80,/usr/local/bin/pycbc_page_ifar,,2.8,0,0,,,,,,,,,
sngls_statmap_inj_ID143_ID0000154,None,compute,0,1715231101.0,,,1715231106.0,1715231122.0,1715231146.0,78015652.7,1715231122.0,1715231166.0,1715231154.0,1715231157.0,16317.0,1715231166.0,1715231171.0,5.0,,16.0,44.0,5.0,24.0,1379987362.0,3.0,44832.0,poseidon,condorpool,poseidon-worker-1-container-28-31,sngls_statmap_inj_ID143,/usr/local/bin/pycbc_sngls_statmap_inj,,2.2,0,0,,,,,,,,,
page_foreground_ID71_ID0000124,None,compute,0,1715231101.0,,,1715231106.0,1715231123.0,1715231167.0,37134780.4,1715231122.0,1715231186.0,1715231175.0,1715231178.0,8596.0,1715231186.0,1715231191.0,5.0,,16.0,64.0,5.0,44.0,1397538277.0,3.0,23428.0,poseidon,condorpool,poseidon-worker-1-container-24-27,page_foreground_ID71,/usr/local/bin/pycbc_page_foreground,,2.6,0,0,,,,,,,,,
combine_statmap_ID36_ID0000037,None,compute,0,1715231101.0,,,1715231106.0,1715231123.0,1715231145.0,96252362.2,1715231122.0,1715231166.0,1715231155.0,1715231159.0,35518317.0,1715231166.0,1715231171.0,5.0,,16.0,44.0,5.0,22.0,1472619752.0,4.0,143517196.0,poseidon,condorpool,poseidon-worker-2-container-36-39,combine_statmap_ID36,/usr/local/bin/pycbc_add_statmap,,3.0,0,0,,,,,,,,,
plot_snrifar_ID76_ID0000128,cpu_2,compute,0,1715231101.0,,,1715231106.0,1715231123.0,1715231147.0,76142917.6,1715231122.0,1715231166.0,1715231156.0,1715231158.0,10974.0,1715231166.0,1715231171.0,5.0,,16.0,44.0,5.0,24.0,1379946164.0,2.0,31952.0,poseidon,condorpool,poseidon-worker-2-container-44-47,plot_snrifar_ID76,/usr/local/bin/pycbc_page_snrifar,,2.7,0,0,,,,,,,,,
sngls_statmap_inj_ID143_ID0000156,None,compute,0,1715231101.0,,,1715231106.0,1715231123.0,1715231154.0,53335600.6,1715231122.0,1715231171.0,1715231162.0,1715231165.0,16277.0,1715231171.0,1715231176.0,5.0,,16.0,49.0,5.0,31.0,1379987178.0,3.0,44832.0,poseidon,condorpool,poseidon-worker-1-container-32-35,sngls_statmap_inj_ID143,/usr/local/bin/pycbc_sngls_statmap_inj,,2.0,0,0,,,,,,,,,
plot_snrifar_ID76_ID0000125,None,compute,0,1715231101.0,,,1715231106.0,1715231123.0,1715231157.0,48051989.4,1715231122.0,1715231176.0,1715231166.0,1715231168.0,11343.0,1715231176.0,1715231181.0,5.0,,16.0,54.0,5.0,34.0,1379946164.0,2.0,30923.0,poseidon,condorpool,poseidon-worker-1-container-44-47,plot_snrifar_ID76,/usr/local/bin/pycbc_page_snrifar,,2.6,0,0,,,,,,,,,
plot_snrifar_ID76_ID0000126,cpu_2,compute,0,1715231101.0,,,1715231106.0,1715231123.0,1715231154.0,54410198.5,1715231122.0,1715231171.0,1715231162.0,1715231165.0,7850.0,1715231171.0,1715231176.0,5.0,,16.0,49.0,5.0,31.0,1379946164.0,3.0,21707.0,poseidon,condorpool,poseidon-worker-2-container-40-43,plot_snrifar_ID76,/usr/local/bin/pycbc_page_snrifar,,2.4,0,0,,,,,,,,,
stage_out_local_condorpool_8_0,None,transfer,0,1715231101.0,,,1715231106.0,,,0.0,1715231106.0,1715231116.0,1715231106.0,1715231110.0,23025345.0,1715231116.0,1715231121.0,5.0,,0.0,10.0,5.0,,,4.0,92738792.0,poseidon,local,poseidon-submit,pegasus::transfer,/mnt/poseidon-data/poseidon/pegasus-5.1.0panorama/bin/pegasus-transfer,pegasus-kickstart  -n pegasus::transfer -N null -i - -R local  -L pycbc-search -T 2024-03-27T21:26:08+00:00 pegasus-transfer  --threads 2,1.0,0,0,,,,,,,,,
page_foreground_ID71_ID0000130,None,compute,0,1715231101.0,,,1715231106.0,1715231122.0,1715231143.0,98371549.9,1715231122.0,1715231161.0,1715231151.0,1715231154.0,6855.0,1715231161.0,1715231166.0,5.0,,16.0,39.0,5.0,21.0,1397531317.0,3.0,18836.0,poseidon,condorpool,poseidon-worker-1-container-0-3,page_foreground_ID71,/usr/local/bin/pycbc_page_foreground,,2.8,0,0,,,,,,,,,
plot_snrratehist_ID78_ID0000127,None,compute,0,1715231101.0,,,1715231106.0,1715231123.0,1715231143.0,95770306.0,1715231122.0,1715231161.0,1715231151.0,1715231154.0,10680.0,1715231161.0,1715231166.0,5.0,,16.0,39.0,5.0,20.0,1379946164.0,3.0,29966.0,poseidon,condorpool,poseidon-worker-1-container-8-11,plot_snrratehist_ID78,/usr/local/bin/pycbc_page_snrratehist,,2.8,0,0,,,,,,,,,
page_ifar_ID80_ID0000129,None,compute,0,1715231101.0,,,1715231106.0,1715231123.0,1715231158.0,45827922.0,1715231122.0,1715231176.0,1715231167.0,1715231170.0,15865.0,1715231176.0,1715231181.0,5.0,,16.0,54.0,5.0,35.0,1379946164.0,3.0,43993.0,poseidon,condorpool,poseidon-worker-2-container-28-31,page_ifar_ID80,/usr/local/bin/pycbc_page_ifar,,2.7,0,0,,,,,,,,,
plot_snrratehist_ID78_ID0000121,cpu_2,compute,0,1715231101.0,,,1715231106.0,1715231123.0,1715231147.0,77992685.5,1715231122.0,1715231166.0,1715231156.0,1715231158.0,10894.0,1715231166.0,1715231171.0,5.0,,16.0,44.0,5.0,24.0,1379953124.0,2.0,30601.0,poseidon,condorpool,poseidon-worker-2-container-16-19,plot_snrratehist_ID78,/usr/local/bin/pycbc_page_snrratehist,,2.7,0,0,,,,,,,,,
plot_snrifar_ID76_ID0000120,None,compute,0,1715231101.0,,,1715231106.0,1715231123.0,1715231150.0,65706859.8,1715231122.0,1715231166.0,1715231158.0,1715231160.0,8265.0,1715231166.0,1715231171.0,5.0,,16.0,44.0,5.0,27.0,1379953124.0,2.0,22737.0,poseidon,condorpool,poseidon-worker-1-container-40-43,plot_snrifar_ID76,/usr/local/bin/pycbc_page_snrifar,,2.6,0,0,,,,,,,,,
plot_snrifar_ID76_ID0000122,None,compute,0,1715231101.0,,,1715231106.0,1715231123.0,1715231154.0,54389099.6,1715231122.0,1715231171.0,1715231162.0,1715231165.0,11541.0,1715231171.0,1715231176.0,5.0,,16.0,49.0,5.0,31.0,1379953124.0,3.0,31869.0,poseidon,condorpool,poseidon-worker-1-container-36-39,plot_snrifar_ID76,/usr/local/bin/pycbc_page_snrifar,,2.9,0,0,,,,,,,,,
register_condorpool_8_0,None,auxiliary,0,1715231121.0,,,1715231126.0,,,0.0,1715231126.0,1715231131.0,,,0.0,1715231131.0,1715231136.0,5.0,,0.0,5.0,5.0,,,,,poseidon,local,poseidon-submit,pegasus::rc-client,/mnt/poseidon-data/poseidon/pegasus-5.1.0panorama/bin/pegasus-rc-client,"pegasus-kickstart  -n pegasus::rc-client -N null -R local  -L pycbc-search -T 2024-03-27T21:26:08+00:00 /home/poseidon/pegasus-5.1.0panorama/bin/pegasus-rc-client --prefix pegasus.catalog.replica.output --conf /mnt/poseidon-data/poseidon/workflows/pycbc/search/poseidon/submit/poseidon/pegasus/pycbc-search/run0080/pegasus.17582139319119171220.properties -v --meta /mnt/poseidon-data/poseidon/workflows/pycbc/search/poseidon/submit/poseidon/pegasus/pycbc-search/run0080/00/01/exclude_zerolag_ID29_ID0000036.meta,/mnt/poseidon-data/poseidon/workflows/pycbc/search/poseidon/submit/poseidon/pegasus/pycbc-search/run0080/00/01/exclude_zerolag_ID29_ID0000034.meta,/mnt/poseidon-data/poseidon/workflows/pycbc/search/poseidon/submit/poseidon/pegasus/pycbc-search/run0080/00/01/exclude_zerolag_ID29_ID0000035.meta,/mnt/poseidon-data/poseidon/workflows/pycbc/search/poseidon/submit/poseidon/pegasus/pycbc-search/run0080/00/01/exclude_zerolag_ID29_ID0000031.meta,/mnt/poseidon-data/poseidon/workflows/pycbc/search/poseidon/submit/poseidon/pegasus/pycbc-search/run0080/00/01/exclude_zerolag_ID29_ID0000032.meta,/mnt/poseidon-data/poseidon/workflows/pycbc/search/poseidon/submit/poseidon/pegasus/pycbc-search/run0080/00/01/exclude_zerolag_ID29_ID0000030.meta,/mnt/poseidon-data/poseidon/workflows/pycbc/search/poseidon/submit/poseidon/pegasus/pycbc-search/run0080/00/01/exclude_zerolag_ID29_ID0000033.meta --insert /mnt/poseidon-data/poseidon/workflows/pycbc/search/poseidon/submit/poseidon/pegasus/pycbc-search/run0080/00/01/register_condorpool_8_0.in",2.9,0,0,,,,,,,,,
page_foreground_ID71_ID0000079,cpu_2,compute,0,1715231171.0,,,1715231176.0,1715231177.0,1715231194.0,139417747.5,1715231177.0,1715231211.0,1715231202.0,1715231205.0,50654.0,1715231211.0,1715231216.0,5.0,,1.0,34.0,5.0,17.0,1540983309.0,3.0,140498.0,poseidon,condorpool,poseidon-worker-2-container-44-47,page_foreground_ID71,/usr/local/bin/pycbc_page_foreground,,2.8,0,0,,,,,,,,,
page_ifar_catalog_ID70_ID0000077,None,compute,0,1715231171.0,,,1715231176.0,1715231177.0,1715231194.0,138916981.8,1715231177.0,1715231216.0,1715231206.0,1715231209.0,9296.0,1715231216.0,1715231221.0,5.0,,1.0,39.0,5.0,17.0,1523398156.0,3.0,25487.0,poseidon,condorpool,poseidon-worker-1-container-0-3,page_ifar_catalog_ID70,/usr/local/bin/pycbc_ifar_catalog,,6.1,0,0,0.1,30516983.0,63083.0,7312.0,34.0,3.7,1.1,3051698.3,6308.3
page_foreground_ID71_ID0000078,None,compute,0,1715231171.0,,,1715231176.0,1715231177.0,1715231194.0,141237372.4,1715231176.0,1715231211.0,1715231203.0,1715231205.0,17955.0,1715231211.0,1715231216.0,5.0,,0.0,35.0,5.0,17.0,1540983309.0,2.0,49893.0,poseidon,condorpool,poseidon-worker-2-container-24-27,page_foreground_ID71,/usr/local/bin/pycbc_page_foreground,,2.9,0,0,,,,,,,,,
pegasus-plan_ID0000082,None,subwf,0,1715231171.0,1715231171.0,1715231177.0,1715231181.0,,,0.0,1715231182.0,1715231394.0,,,0.0,,,0.0,6.0,1.0,212.0,,,,,,poseidon,local,poseidon-submit,condor::dagman,/usr/bin/condor_dagman,-p 0  -f -l . -Notification never -Debug 3 -Lockfile H1L1V1-FOREGROUND_MINIFOLLOWUP_FULL_DATA_FOREGROUND-1186740100-3400.dag.lock -Dag H1L1V1-FOREGROUND_MINIFOLLOWUP_FULL_DATA_FOREGROUND-1186740100-3400.dag -AllowVersionMismatch  -AutoRescue 1 -DoRescueFrom 0,0.0,0,0,,,,,,,,,
pegasus-plan_ID0000084,None,subwf,0,1715231171.0,1715231171.0,1715231177.0,1715231181.0,,,0.0,1715231182.0,1715231394.0,,,0.0,,,0.0,6.0,1.0,212.0,,,,,,poseidon,local,poseidon-submit,condor::dagman,/usr/bin/condor_dagman,-p 0  -f -l . -Notification never -Debug 3 -Lockfile H1L1V1-FOREGROUND_MINIFOLLOWUP_FULL_DATA_BACKGROUND-1186740100-3400.dag.lock -Dag H1L1V1-FOREGROUND_MINIFOLLOWUP_FULL_DATA_BACKGROUND-1186740100-3400.dag -AllowVersionMismatch  -AutoRescue 1 -DoRescueFrom 0,0.0,0,0,,,,,,,,,
foreground_censor_ID37_ID0000038,cpu_2,compute,0,1715231171.0,,,1715231176.0,1715231177.0,1715231193.0,151715043.6,1715231177.0,1715231211.0,1715231201.0,1715231204.0,1022.0,1715231211.0,1715231216.0,5.0,,1.0,34.0,5.0,16.0,1523401069.0,3.0,2875.0,poseidon,condorpool,poseidon-worker-2-container-40-43,foreground_censor_ID37,/usr/local/bin/pycbc_foreground_censor,,2.2,0,0,,,,,,,,,
page_foreground_ID71_ID0000080,None,compute,0,1715231171.0,,,1715231176.0,1715231177.0,1715231194.0,138561530.1,1715231177.0,1715231211.0,1715231203.0,1715231205.0,3385.0,1715231211.0,1715231216.0,5.0,,1.0,34.0,5.0,17.0,1540983309.0,2.0,9318.0,poseidon,condorpool,poseidon-worker-1-container-44-47,page_foreground_ID71,/usr/local/bin/pycbc_page_foreground,,2.8,0,0,,,,,,,,,
combine_statmap_ID36_ID0000157,None,compute,0,1715231176.0,,,1715231181.0,1715231182.0,1715231200.0,129691782.5,1715231181.0,1715231216.0,1715231208.0,1715231211.0,23803.0,1715231216.0,1715231221.0,5.0,,0.0,35.0,5.0,18.0,1472836656.0,3.0,65680.0,poseidon,condorpool,poseidon-worker-2-container-36-39,combine_statmap_ID36,/usr/local/bin/pycbc_add_statmap,,2.4,0,0,,,,,,,,,
stage_out_local_condorpool_9_4,None,transfer,0,1715231176.0,,,1715231181.0,,,0.0,1715231182.0,1715231196.0,1715231183.0,1715231187.0,35696170.0,1715231196.0,1715231201.0,5.0,,1.0,14.0,5.0,,,4.0,143832646.0,poseidon,local,poseidon-submit,pegasus::transfer,/mnt/poseidon-data/poseidon/pegasus-5.1.0panorama/bin/pegasus-transfer,pegasus-kickstart  -n pegasus::transfer -N null -i - -R local  -L pycbc-search -T 2024-03-27T21:26:08+00:00 pegasus-transfer  --threads 2,1.3,0,0,,,,,,,,,
stage_out_local_condorpool_9_2,None,transfer,0,1715231176.0,,,1715231181.0,,,0.0,1715231182.0,1715231196.0,1715231183.0,1715231187.0,74344.0,1715231196.0,1715231201.0,5.0,,1.0,14.0,5.0,,,4.0,299470.0,poseidon,local,poseidon-submit,pegasus::transfer,/mnt/poseidon-data/poseidon/pegasus-5.1.0panorama/bin/pegasus-transfer,pegasus-kickstart  -n pegasus::transfer -N null -i - -R local  -L pycbc-search -T 2024-03-27T21:26:08+00:00 pegasus-transfer  --threads 2,0.9,0,0,,,,,,,,,
stage_out_local_condorpool_9_1,None,transfer,0,1715231181.0,,,1715231186.0,,,0.0,1715231188.0,1715231201.0,1715231188.0,1715231192.0,77847.0,1715231201.0,1715231206.0,5.0,,2.0,13.0,5.0,,,4.0,313831.0,poseidon,local,poseidon-submit,pegasus::transfer,/mnt/poseidon-data/poseidon/pegasus-5.1.0panorama/bin/pegasus-transfer,pegasus-kickstart  -n pegasus::transfer -N null -i - -R local  -L pycbc-search -T 2024-03-27T21:26:08+00:00 pegasus-transfer  --threads 2,1.0,0,0,,,,,,,,,
stage_out_local_condorpool_9_3,None,transfer,0,1715231181.0,,,1715231186.0,,,0.0,1715231188.0,1715231201.0,1715231188.0,1715231192.0,78547.0,1715231201.0,1715231206.0,5.0,,2.0,13.0,5.0,,,4.0,316091.0,poseidon,local,poseidon-submit,pegasus::transfer,/mnt/poseidon-data/poseidon/pegasus-5.1.0panorama/bin/pegasus-transfer,pegasus-kickstart  -n pegasus::transfer -N null -i - -R local  -L pycbc-search -T 2024-03-27T21:26:08+00:00 pegasus-transfer  --threads 2,0.9,0,0,,,,,,,,,
create_dir_H1L1V1-FOREGROUND_MINIFOLLOWUP_FULL_DATA_BACKGROUND-1186740100-3400.dax_0_condorpool_pegasus-plan_ID0000084,None,auxiliary,0,1715231183.0,,,1715231184.0,,,0.0,1715231188.0,1715231199.0,,,0.0,1715231199.0,1715231204.0,1.0,,4.0,11.0,5.0,,,,,poseidon,local,poseidon-submit,pegasus::dirmanager,/mnt/poseidon-data/poseidon/pegasus-5.1.0panorama/bin/pegasus-transfer,pegasus-kickstart  -n pegasus::dirmanager -N null -i - -R local  -L H1L1V1-FOREGROUND_MINIFOLLOWUP_FULL_DATA_BACKGROUND-1186740100-3400 -T 2024-03-13T22:37:56+00:00 pegasus-transfer,0.2,0,0,,,,,,,,,
create_dir_H1L1V1-FOREGROUND_MINIFOLLOWUP_FULL_DATA_FOREGROUND-1186740100-3400.dax_0_condorpool_pegasus-plan_ID0000082,None,auxiliary,0,1715231183.0,,,1715231184.0,,,0.0,1715231188.0,1715231199.0,,,0.0,1715231199.0,1715231204.0,1.0,,4.0,11.0,5.0,,,,,poseidon,local,poseidon-submit,pegasus::dirmanager,/mnt/poseidon-data/poseidon/pegasus-5.1.0panorama/bin/pegasus-transfer,pegasus-kickstart  -n pegasus::dirmanager -N null -i - -R local  -L H1L1V1-FOREGROUND_MINIFOLLOWUP_FULL_DATA_FOREGROUND-1186740100-3400 -T 2024-03-13T22:37:56+00:00 pegasus-transfer,0.3,0,0,,,,,,,,,
stage_out_local_condorpool_9_0,None,transfer,0,1715231186.0,,,1715231191.0,,,0.0,1715231192.0,1715231201.0,1715231192.0,1715231196.0,73905.0,1715231201.0,1715231206.0,5.0,,1.0,9.0,5.0,,,4.0,297597.0,poseidon,local,poseidon-submit,pegasus::transfer,/mnt/poseidon-data/poseidon/pegasus-5.1.0panorama/bin/pegasus-transfer,pegasus-kickstart  -n pegasus::transfer -N null -i - -R local  -L pycbc-search -T 2024-03-27T21:26:08+00:00 pegasus-transfer  --threads 2,0.9,0,0,,,,,,,,,
stage_out_local_condorpool_9_5,None,transfer,0,1715231191.0,,,1715231196.0,,,0.0,1715231196.0,1715231206.0,1715231197.0,1715231201.0,103114.0,1715231206.0,1715231211.0,5.0,,0.0,10.0,5.0,,,4.0,414944.0,poseidon,local,poseidon-submit,pegasus::transfer,/mnt/poseidon-data/poseidon/pegasus-5.1.0panorama/bin/pegasus-transfer,pegasus-kickstart  -n pegasus::transfer -N null -i - -R local  -L pycbc-search -T 2024-03-27T21:26:08+00:00 pegasus-transfer  --threads 2,0.9,0,0,,,,,,,,,
register_condorpool_9_4,None,auxiliary,0,1715231201.0,,,1715231206.0,,,0.0,1715231206.0,1715231211.0,,,0.0,1715231211.0,1715231216.0,5.0,,0.0,5.0,5.0,,,,,poseidon,local,poseidon-submit,pegasus::rc-client,/mnt/poseidon-data/poseidon/pegasus-5.1.0panorama/bin/pegasus-rc-client,"pegasus-kickstart  -n pegasus::rc-client -N null -R local  -L pycbc-search -T 2024-03-27T21:26:08+00:00 /home/poseidon/pegasus-5.1.0panorama/bin/pegasus-rc-client --prefix pegasus.catalog.replica.output --conf /mnt/poseidon-data/poseidon/workflows/pycbc/search/poseidon/submit/poseidon/pegasus/pycbc-search/run0080/pegasus.17582139319119171220.properties -v --meta /mnt/poseidon-data/poseidon/workflows/pycbc/search/poseidon/submit/poseidon/pegasus/pycbc-search/run0080/00/02/page_ifar_ID80_ID0000117.meta,/mnt/poseidon-data/poseidon/workflows/pycbc/search/poseidon/submit/poseidon/pegasus/pycbc-search/run0080/00/02/page_ifar_ID80_ID0000104.meta,/mnt/poseidon-data/poseidon/workflows/pycbc/search/poseidon/submit/poseidon/pegasus/pycbc-search/run0080/00/02/page_ifar_ID80_ID0000110.meta,/mnt/poseidon-data/poseidon/workflows/pycbc/search/poseidon/submit/poseidon/pegasus/pycbc-search/run0080/00/02/plot_snrifar_ID76_ID0000122.meta,/mnt/poseidon-data/poseidon/workflows/pycbc/search/poseidon/submit/poseidon/pegasus/pycbc-search/run0080/00/02/combine_statmap_ID36_ID0000037.meta,/mnt/poseidon-data/poseidon/workflows/pycbc/search/poseidon/submit/poseidon/pegasus/pycbc-search/run0080/00/02/plot_snrifar_ID76_ID0000092.meta,/mnt/poseidon-data/poseidon/workflows/pycbc/search/poseidon/submit/poseidon/pegasus/pycbc-search/run0080/00/02/plot_snrratehist_ID78_ID0000127.meta,/mnt/poseidon-data/poseidon/workflows/pycbc/search/poseidon/submit/poseidon/pegasus/pycbc-search/run0080/00/01/plot_snrifar_ID76_ID0000086.meta,/mnt/poseidon-data/poseidon/workflows/pycbc/search/poseidon/submit/poseidon/pegasus/pycbc-search/run0080/00/02/page_foreground_ID71_ID0000118.meta --insert /mnt/poseidon-data/poseidon/workflows/pycbc/search/poseidon/submit/poseidon/pegasus/pycbc-search/run0080/00/03/register_condorpool_9_4.in",2.9,0,0,,,,,,,,,
register_condorpool_9_2,None,auxiliary,0,1715231201.0,,,1715231277.0,,,0.0,1715231277.0,1715231282.0,,,0.0,1715231282.0,1715231288.0,76.0,,0.0,5.0,6.0,,,,,poseidon,local,poseidon-submit,pegasus::rc-client,/mnt/poseidon-data/poseidon/pegasus-5.1.0panorama/bin/pegasus-rc-client,"pegasus-kickstart  -n pegasus::rc-client -N null -R local  -L pycbc-search -T 2024-03-27T21:26:08+00:00 /home/poseidon/pegasus-5.1.0panorama/bin/pegasus-rc-client --prefix pegasus.catalog.replica.output --conf /mnt/poseidon-data/poseidon/workflows/pycbc/search/poseidon/submit/poseidon/pegasus/pycbc-search/run0080/pegasus.17582139319119171220.properties -v --meta /mnt/poseidon-data/poseidon/workflows/pycbc/search/poseidon/submit/poseidon/pegasus/pycbc-search/run0080/00/02/plot_snrifar_ID76_ID0000099.meta,/mnt/poseidon-data/poseidon/workflows/pycbc/search/poseidon/submit/poseidon/pegasus/pycbc-search/run0080/00/02/plot_snrratehist_ID78_ID0000101.meta,/mnt/poseidon-data/poseidon/workflows/pycbc/search/poseidon/submit/poseidon/pegasus/pycbc-search/run0080/00/02/plot_snrifar_ID76_ID0000093.meta,/mnt/poseidon-data/poseidon/workflows/pycbc/search/poseidon/submit/poseidon/pegasus/pycbc-search/run0080/00/02/sngls_statmap_inj_ID143_ID0000154.meta,/mnt/poseidon-data/poseidon/workflows/pycbc/search/poseidon/submit/poseidon/pegasus/pycbc-search/run0080/00/02/plot_snrifar_ID76_ID0000107.meta,/mnt/poseidon-data/poseidon/workflows/pycbc/search/poseidon/submit/poseidon/pegasus/pycbc-search/run0080/00/01/plot_snrratehist_ID78_ID0000087.meta,/mnt/poseidon-data/poseidon/workflows/pycbc/search/poseidon/submit/poseidon/pegasus/pycbc-search/run0080/00/02/plot_snrifar_ID76_ID0000126.meta,/mnt/poseidon-data/poseidon/workflows/pycbc/search/poseidon/submit/poseidon/pegasus/pycbc-search/run0080/00/02/plot_snrifar_ID76_ID0000106.meta,/mnt/poseidon-data/poseidon/workflows/pycbc/search/poseidon/submit/poseidon/pegasus/pycbc-search/run0080/00/02/sngls_statmap_inj_ID143_ID0000152.meta --insert /mnt/poseidon-data/poseidon/workflows/pycbc/search/poseidon/submit/poseidon/pegasus/pycbc-search/run0080/00/03/register_condorpool_9_2.in",3.0,0,0,,,,,,,,,
plot_singles_timefreq_ID9_ID0000012_pegasus-plan_ID0000084,cpu_2,compute,0,1715231204.0,,,1715231209.0,1715231212.0,1715231236.0,84890228.2,1715231211.0,1715231269.0,1715231258.0,1715231261.0,141029.0,1715231269.0,1715231274.0,5.0,,2.0,58.0,5.0,24.0,1494667688.0,3.0,389861.0,poseidon,condorpool,poseidon-worker-2-container-44-47,plot_singles_timefreq_ID9,/usr/local/bin/pycbc_plot_singles_timefreq,,16.8,0,0,0.1,691913633.0,63552.0,9116.0,45.0,12.4,2.3,23063787.8,3177.6
plot_qscan_ID10_ID0000015_pegasus-plan_ID0000082,None,compute,0,1715231204.0,,,1715231209.0,1715231215.0,1715231239.0,87801099.4,1715231215.0,1715231274.0,1715231264.0,1715231267.0,115623.0,1715231274.0,1715231279.0,5.0,,6.0,59.0,5.0,24.0,1509356709.0,3.0,324497.0,poseidon,condorpool,poseidon-worker-1-container-0-3,plot_qscan_ID10,/usr/local/bin/pycbc_plot_qscan,,19.2,0,0,0.0,812306873.0,63122.0,8128.0,35.0,12.6,2.3,27076895.8,6312.2
plot_singles_timefreq_ID9_ID0000012_pegasus-plan_ID0000082,None,compute,0,1715231204.0,,,1715231209.0,1715231217.0,1715231242.0,78374460.5,1715231216.0,1715231274.0,1715231265.0,1715231268.0,141420.0,1715231274.0,1715231279.0,5.0,,7.0,58.0,5.0,25.0,1494667688.0,3.0,393435.0,poseidon,condorpool,poseidon-worker-1-container-44-47,plot_singles_timefreq_ID9,/usr/local/bin/pycbc_plot_singles_timefreq,,17.3,0,0,0.1,692002589.0,63552.0,9218.0,45.0,12.4,2.4,23066753.0,3177.6
plot_singles_timefreq_ID9_ID0000014_pegasus-plan_ID0000082,None,compute,0,1715231204.0,,,1715231209.0,1715231217.0,1715231244.0,70311456.1,1715231216.0,1715231279.0,1715231268.0,1715231271.0,142256.0,1715231279.0,1715231284.0,5.0,,7.0,63.0,5.0,27.0,1514826175.0,3.0,395733.0,poseidon,condorpool,poseidon-worker-2-container-36-39,plot_singles_timefreq_ID9,/usr/local/bin/pycbc_plot_singles_timefreq,,18.5,0,0,0.0,812405458.0,63385.0,8219.0,41.0,12.5,2.4,27080181.9,3169.2
single_template_ID3_ID0000008_pegasus-plan_ID0000082,None,compute,0,1715231204.0,,,1715231209.0,1715231217.0,1715231252.0,51682184.4,1715231216.0,1715231299.0,1715231288.0,1715231291.0,3413185.0,1715231299.0,1715231304.0,5.0,,7.0,83.0,5.0,35.0,1509360080.0,3.0,9945232.0,poseidon,condorpool,poseidon-worker-1-container-32-35,single_template_ID3,/usr/local/bin/pycbc_single_template,,30.6,0,0,0.1,803023483.0,28470.0,4699.0,27.0,25.6,4.2,13383724.7,2847.0
plot_singles_timefreq_ID9_ID0000010_pegasus-plan_ID0000082,None,compute,0,1715231204.0,,,1715231209.0,1715231217.0,1715231244.0,73382280.2,1715231216.0,1715231279.0,1715231267.0,1715231270.0,140319.0,1715231279.0,1715231284.0,5.0,,7.0,63.0,5.0,27.0,1491922277.0,3.0,389491.0,poseidon,condorpool,poseidon-worker-2-container-28-31,plot_singles_timefreq_ID9,/usr/local/bin/pycbc_plot_singles_timefreq,,17.5,0,0,0.1,673266744.0,63552.0,9147.0,45.0,12.4,2.4,22442224.8,3177.6
single_template_ID3_ID0000006_pegasus-plan_ID0000082,None,compute,0,1715231204.0,,,1715231209.0,1715231217.0,1715231243.0,74848126.4,1715231216.0,1715231289.0,1715231279.0,1715231282.0,3468999.0,1715231289.0,1715231294.0,5.0,,7.0,73.0,5.0,26.0,1488783581.0,3.0,9945232.0,poseidon,condorpool,poseidon-worker-1-container-28-31,single_template_ID3,/usr/local/bin/pycbc_single_template,,31.2,0,0,0.1,679558983.0,28470.0,4682.0,27.0,24.3,5.5,11325983.0,2847.0
plot_trigger_timeseries_ID1_ID0000003_pegasus-plan_ID0000082,None,compute,0,1715231204.0,,,1715231209.0,1715231217.0,1715231235.0,115022245.5,1715231216.0,1715231254.0,1715231244.0,1715231247.0,12034.0,1715231254.0,1715231259.0,5.0,,7.0,38.0,5.0,18.0,1397432923.0,3.0,33693.0,poseidon,condorpool,poseidon-worker-2-container-20-23,plot_trigger_timeseries_ID1,/usr/local/bin/pycbc_plot_trigger_timeseries,,3.5,0,0,,,,,,,,,
single_template_ID3_ID0000004_pegasus-plan_ID0000082,cpu_2,compute,0,1715231204.0,,,1715231209.0,1715231217.0,1715231238.0,98922716.4,1715231216.0,1715231284.0,1715231273.0,1715231276.0,3470577.0,1715231284.0,1715231289.0,5.0,,7.0,68.0,5.0,21.0,1485631059.0,3.0,9945232.0,poseidon,condorpool,poseidon-worker-2-container-16-19,single_template_ID3,/usr/local/bin/pycbc_single_template,,29.4,0,0,0.0,660640042.0,28470.0,4673.0,27.0,21.0,3.6,13212800.8,2847.0
plot_trigger_timeseries_ID1_ID0000002_pegasus-plan_ID0000082,None,compute,0,1715231204.0,,,1715231209.0,1715231217.0,1715231248.0,57669599.8,1715231216.0,1715231269.0,1715231256.0,1715231259.0,14442.0,1715231269.0,1715231274.0,5.0,,7.0,53.0,5.0,31.0,1397432923.0,3.0,39521.0,poseidon,condorpool,poseidon-worker-1-container-20-23,plot_trigger_timeseries_ID1,/usr/local/bin/pycbc_plot_trigger_timeseries,,3.2,0,0,,,,,,,,,
page_coincinfo_ID0_ID0000001_pegasus-plan_ID0000082,None,compute,0,1715231204.0,,,1715231209.0,1715231217.0,1715231249.0,59585104.8,1715231216.0,1715231269.0,1715231257.0,1715231260.0,2478.0,1715231269.0,1715231274.0,5.0,,7.0,53.0,5.0,32.0,1540983309.0,3.0,6780.0,poseidon,condorpool,poseidon-worker-1-container-16-19,page_coincinfo_ID0,/usr/local/bin/pycbc_page_coincinfo,,3.0,0,0,,,,,,,,,
plot_qscan_ID10_ID0000011_pegasus-plan_ID0000082,None,compute,0,1715231204.0,,,1715231209.0,1715231217.0,1715231242.0,79114988.4,1715231216.0,1715231274.0,1715231265.0,1715231267.0,111615.0,1715231274.0,1715231279.0,5.0,,7.0,58.0,5.0,25.0,1485627688.0,2.0,312282.0,poseidon,condorpool,poseidon-worker-2-container-4-7,plot_qscan_ID10,/usr/local/bin/pycbc_plot_qscan,,17.2,0,0,0.1,669990666.0,63333.0,8121.0,40.0,12.6,2.2,22333022.2,3166.7
plot_qscan_ID10_ID0000013_pegasus-plan_ID0000082,None,compute,0,1715231204.0,,,1715231209.0,1715231217.0,1715231246.0,65398421.5,1715231216.0,1715231279.0,1715231268.0,1715231271.0,99903.0,1715231279.0,1715231284.0,5.0,,7.0,63.0,5.0,29.0,1488780210.0,3.0,279242.0,poseidon,condorpool,poseidon-worker-1-container-0-3,plot_qscan_ID10,/usr/local/bin/pycbc_plot_qscan,,16.6,0,0,0.1,688955685.0,63333.0,8232.0,40.0,12.1,2.4,22965189.5,3166.7
plot_qscan_ID10_ID0000013_pegasus-plan_ID0000084,None,compute,0,1715231204.0,,,1715231209.0,1715231212.0,1715231231.0,113172996.2,1715231211.0,1715231264.0,1715231253.0,1715231256.0,114117.0,1715231264.0,1715231269.0,5.0,,2.0,53.0,5.0,19.0,1488780210.0,3.0,316708.0,poseidon,condorpool,poseidon-worker-1-container-44-47,plot_qscan_ID10,/usr/local/bin/pycbc_plot_qscan,,16.6,0,0,0.0,688927873.0,63333.0,8164.0,40.0,12.3,2.5,22964262.4,3166.7
plot_singles_timefreq_ID9_ID0000014_pegasus-plan_ID0000084,None,compute,0,1715231204.0,,,1715231209.0,1715231212.0,1715231230.0,133536398.4,1715231211.0,1715231264.0,1715231255.0,1715231258.0,143535.0,1715231264.0,1715231269.0,5.0,,2.0,53.0,5.0,18.0,1514826175.0,3.0,398454.0,poseidon,condorpool,poseidon-worker-2-container-24-27,plot_singles_timefreq_ID9,/usr/local/bin/pycbc_plot_singles_timefreq,,20.0,0,0,0.1,816326974.0,859296.0,9781.0,72.0,15.5,4.2,20408174.3,42964.8
single_template_ID3_ID0000008_pegasus-plan_ID0000084,cpu_2,compute,0,1715231204.0,,,1715231209.0,1715231217.0,1715231251.0,55122286.9,1715231216.0,1715231299.0,1715231287.0,1715231290.0,3456482.0,1715231299.0,1715231304.0,5.0,,7.0,83.0,5.0,34.0,1509360080.0,3.0,9945232.0,poseidon,condorpool,poseidon-worker-2-container-44-47,single_template_ID3,/usr/local/bin/pycbc_single_template,,31.3,0,0,0.0,803056547.0,28470.0,4772.0,27.0,24.3,5.5,13384275.8,2847.0
plot_singles_timefreq_ID9_ID0000010_pegasus-plan_ID0000084,cpu_2,compute,0,1715231204.0,,,1715231209.0,1715231217.0,1715231235.0,125274059.2,1715231216.0,1715231269.0,1715231258.0,1715231261.0,137696.0,1715231269.0,1715231274.0,5.0,,7.0,53.0,5.0,18.0,1491922277.0,3.0,379960.0,poseidon,condorpool,poseidon-worker-2-container-40-43,plot_singles_timefreq_ID9,/usr/local/bin/pycbc_plot_singles_timefreq,,17.2,0,0,0.1,673295641.0,63552.0,9213.0,45.0,12.5,2.2,22443188.0,3177.6
single_template_ID3_ID0000006_pegasus-plan_ID0000084,None,compute,0,1715231204.0,,,1715231209.0,1715231217.0,1715231241.0,84290224.5,1715231216.0,1715231289.0,1715231277.0,1715231280.0,3461781.0,1715231289.0,1715231294.0,5.0,,7.0,73.0,5.0,24.0,1488783581.0,3.0,9945232.0,poseidon,condorpool,poseidon-worker-2-container-24-27,single_template_ID3,/usr/local/bin/pycbc_single_template,,30.1,0,0,0.0,679595598.0,4222782.0,4765.0,28.0,25.4,4.4,11326593.3,211139.1
plot_trigger_timeseries_ID1_ID0000003_pegasus-plan_ID0000084,None,compute,0,1715231204.0,,,1715231209.0,1715231217.0,1715231241.0,80665857.2,1715231216.0,1715231259.0,1715231250.0,1715231252.0,20911.0,1715231259.0,1715231264.0,5.0,,7.0,43.0,5.0,24.0,1397432923.0,2.0,58131.0,poseidon,condorpool,poseidon-worker-1-container-40-43,plot_trigger_timeseries_ID1,/usr/local/bin/pycbc_plot_trigger_timeseries,,3.3,0,0,,,,,,,,,
single_template_ID3_ID0000004_pegasus-plan_ID0000084,None,compute,0,1715231204.0,,,1715231209.0,1715231217.0,1715231242.0,77259024.4,1715231216.0,1715231289.0,1715231279.0,1715231282.0,3428276.0,1715231289.0,1715231294.0,5.0,,7.0,73.0,5.0,25.0,1485631059.0,3.0,9945232.0,poseidon,condorpool,poseidon-worker-1-container-8-11,single_template_ID3,/usr/local/bin/pycbc_single_template,,31.4,0,0,0.0,660635572.0,28470.0,4670.0,27.0,24.1,5.8,11010592.9,2847.0
plot_trigger_timeseries_ID1_ID0000002_pegasus-plan_ID0000084,None,compute,0,1715231204.0,,,1715231209.0,1715231217.0,1715231235.0,119186668.7,1715231216.0,1715231254.0,1715231243.0,1715231247.0,15402.0,1715231254.0,1715231259.0,5.0,,7.0,38.0,5.0,18.0,1397432923.0,4.0,48381.0,poseidon,condorpool,poseidon-worker-1-container-36-39,plot_trigger_timeseries_ID1,/usr/local/bin/pycbc_plot_trigger_timeseries,,3.1,0,0,,,,,,,,,
page_coincinfo_ID0_ID0000001_pegasus-plan_ID0000084,None,compute,0,1715231204.0,,,1715231209.0,1715231217.0,1715231247.0,63618472.8,1715231216.0,1715231264.0,1715231255.0,1715231258.0,2278.0,1715231264.0,1715231269.0,5.0,,7.0,48.0,5.0,30.0,1540983309.0,3.0,6183.0,poseidon,condorpool,poseidon-worker-1-container-24-27,page_coincinfo_ID0,/usr/local/bin/pycbc_page_coincinfo,,2.8,0,0,,,,,,,,,
plot_qscan_ID10_ID0000011_pegasus-plan_ID0000084,None,compute,0,1715231204.0,,,1715231209.0,1715231217.0,1715231245.0,68090418.0,1715231216.0,1715231279.0,1715231268.0,1715231271.0,114696.0,1715231279.0,1715231284.0,5.0,,7.0,63.0,5.0,28.0,1485627688.0,3.0,321049.0,poseidon,condorpool,poseidon-worker-2-container-32-35,plot_qscan_ID10,/usr/local/bin/pycbc_plot_qscan,,17.1,0,0,0.1,670000414.0,63333.0,8138.0,40.0,12.5,2.3,22333347.1,3166.7
plot_qscan_ID10_ID0000015_pegasus-plan_ID0000084,cpu_2,compute,0,1715231204.0,,,1715231209.0,1715231211.0,1715231227.0,135226972.1,1715231210.0,1715231264.0,1715231255.0,1715231257.0,96303.0,1715231264.0,1715231269.0,5.0,,1.0,54.0,5.0,16.0,1509356709.0,2.0,270000.0,poseidon,condorpool,poseidon-worker-2-container-40-43,plot_qscan_ID10,/usr/local/bin/pycbc_plot_qscan,,18.8,0,0,0.0,812390756.0,63333.0,8187.0,40.0,14.8,2.6,20309768.9,3166.7
register_condorpool_9_1,None,auxiliary,0,1715231206.0,,,1715231257.0,,,0.0,1715231257.0,1715231262.0,,,0.0,1715231262.0,1715231267.0,51.0,,0.0,5.0,5.0,,,,,poseidon,local,poseidon-submit,pegasus::rc-client,/mnt/poseidon-data/poseidon/pegasus-5.1.0panorama/bin/pegasus-rc-client,"pegasus-kickstart  -n pegasus::rc-client -N null -R local  -L pycbc-search -T 2024-03-27T21:26:08+00:00 /home/poseidon/pegasus-5.1.0panorama/bin/pegasus-rc-client --prefix pegasus.catalog.replica.output --conf /mnt/poseidon-data/poseidon/workflows/pycbc/search/poseidon/submit/poseidon/pegasus/pycbc-search/run0080/pegasus.17582139319119171220.properties -v --meta /mnt/poseidon-data/poseidon/workflows/pycbc/search/poseidon/submit/poseidon/pegasus/pycbc-search/run0080/00/02/plot_snrifar_ID76_ID0000114.meta,/mnt/poseidon-data/poseidon/workflows/pycbc/search/poseidon/submit/poseidon/pegasus/pycbc-search/run0080/00/02/page_ifar_ID80_ID0000097.meta,/mnt/poseidon-data/poseidon/workflows/pycbc/search/poseidon/submit/poseidon/pegasus/pycbc-search/run0080/00/01/plot_snrifar_ID76_ID0000088.meta,/mnt/poseidon-data/poseidon/workflows/pycbc/search/poseidon/submit/poseidon/pegasus/pycbc-search/run0080/00/02/plot_snrifar_ID76_ID0000100.meta,/mnt/poseidon-data/poseidon/workflows/pycbc/search/poseidon/submit/poseidon/pegasus/pycbc-search/run0080/00/02/plot_snrifar_ID76_ID0000119.meta,/mnt/poseidon-data/poseidon/workflows/pycbc/search/poseidon/submit/poseidon/pegasus/pycbc-search/run0080/00/02/plot_snrifar_ID76_ID0000085.meta,/mnt/poseidon-data/poseidon/workflows/pycbc/search/poseidon/submit/poseidon/pegasus/pycbc-search/run0080/00/02/plot_snrifar_ID76_ID0000102.meta,/mnt/poseidon-data/poseidon/workflows/pycbc/search/poseidon/submit/poseidon/pegasus/pycbc-search/run0080/00/02/statmap_inj_ID135_ID0000150.meta,/mnt/poseidon-data/poseidon/workflows/pycbc/search/poseidon/submit/poseidon/pegasus/pycbc-search/run0080/00/02/plot_snrifar_ID76_ID0000125.meta --insert /mnt/poseidon-data/poseidon/workflows/pycbc/search/poseidon/submit/poseidon/pegasus/pycbc-search/run0080/00/03/register_condorpool_9_1.in",2.9,0,0,,,,,,,,,
register_condorpool_9_3,None,auxiliary,0,1715231206.0,,,1715231267.0,,,0.0,1715231267.0,1715231272.0,,,0.0,1715231272.0,1715231277.0,61.0,,0.0,5.0,5.0,,,,,poseidon,local,poseidon-submit,pegasus::rc-client,/mnt/poseidon-data/poseidon/pegasus-5.1.0panorama/bin/pegasus-rc-client,"pegasus-kickstart  -n pegasus::rc-client -N null -R local  -L pycbc-search -T 2024-03-27T21:26:08+00:00 /home/poseidon/pegasus-5.1.0panorama/bin/pegasus-rc-client --prefix pegasus.catalog.replica.output --conf /mnt/poseidon-data/poseidon/workflows/pycbc/search/poseidon/submit/poseidon/pegasus/pycbc-search/run0080/pegasus.17582139319119171220.properties -v --meta /mnt/poseidon-data/poseidon/workflows/pycbc/search/poseidon/submit/poseidon/pegasus/pycbc-search/run0080/00/02/plot_snrratehist_ID78_ID0000108.meta,/mnt/poseidon-data/poseidon/workflows/pycbc/search/poseidon/submit/poseidon/pegasus/pycbc-search/run0080/00/02/page_foreground_ID71_ID0000112.meta,/mnt/poseidon-data/poseidon/workflows/pycbc/search/poseidon/submit/poseidon/pegasus/pycbc-search/run0080/00/02/plot_snrratehist_ID78_ID0000115.meta,/mnt/poseidon-data/poseidon/workflows/pycbc/search/poseidon/submit/poseidon/pegasus/pycbc-search/run0080/00/02/page_ifar_ID80_ID0000123.meta,/mnt/poseidon-data/poseidon/workflows/pycbc/search/poseidon/submit/poseidon/pegasus/pycbc-search/run0080/00/02/plot_snrifar_ID76_ID0000120.meta,/mnt/poseidon-data/poseidon/workflows/pycbc/search/poseidon/submit/poseidon/pegasus/pycbc-search/run0080/00/02/page_ifar_ID80_ID0000103.meta,/mnt/poseidon-data/poseidon/workflows/pycbc/search/poseidon/submit/poseidon/pegasus/pycbc-search/run0080/00/02/page_foreground_ID71_ID0000098.meta,/mnt/poseidon-data/poseidon/workflows/pycbc/search/poseidon/submit/poseidon/pegasus/pycbc-search/run0080/00/01/page_ifar_ID80_ID0000089.meta,/mnt/poseidon-data/poseidon/workflows/pycbc/search/poseidon/submit/poseidon/pegasus/pycbc-search/run0080/00/02/page_foreground_ID71_ID0000130.meta --insert /mnt/poseidon-data/poseidon/workflows/pycbc/search/poseidon/submit/poseidon/pegasus/pycbc-search/run0080/00/03/register_condorpool_9_3.in",2.9,0,0,,,,,,,,,
register_condorpool_9_0,None,auxiliary,0,1715231206.0,,,1715231216.0,,,0.0,1715231221.0,1715231227.0,,,0.0,1715231227.0,1715231232.0,10.0,,5.0,6.0,5.0,,,,,poseidon,local,poseidon-submit,pegasus::rc-client,/mnt/poseidon-data/poseidon/pegasus-5.1.0panorama/bin/pegasus-rc-client,"pegasus-kickstart  -n pegasus::rc-client -N null -R local  -L pycbc-search -T 2024-03-27T21:26:08+00:00 /home/poseidon/pegasus-5.1.0panorama/bin/pegasus-rc-client --prefix pegasus.catalog.replica.output --conf /mnt/poseidon-data/poseidon/workflows/pycbc/search/poseidon/submit/poseidon/pegasus/pycbc-search/run0080/pegasus.17582139319119171220.properties -v --meta /mnt/poseidon-data/poseidon/workflows/pycbc/search/poseidon/submit/poseidon/pegasus/pycbc-search/run0080/00/02/statmap_inj_ID135_ID0000144.meta,/mnt/poseidon-data/poseidon/workflows/pycbc/search/poseidon/submit/poseidon/pegasus/pycbc-search/run0080/00/02/plot_snrifar_ID76_ID0000095.meta,/mnt/poseidon-data/poseidon/workflows/pycbc/search/poseidon/submit/poseidon/pegasus/pycbc-search/run0080/00/02/plot_snrratehist_ID78_ID0000121.meta,/mnt/poseidon-data/poseidon/workflows/pycbc/search/poseidon/submit/poseidon/pegasus/pycbc-search/run0080/00/02/sngls_statmap_inj_ID143_ID0000156.meta,/mnt/poseidon-data/poseidon/workflows/pycbc/search/poseidon/submit/poseidon/pegasus/pycbc-search/run0080/00/02/plot_snrifar_ID76_ID0000116.meta,/mnt/poseidon-data/poseidon/workflows/pycbc/search/poseidon/submit/poseidon/pegasus/pycbc-search/run0080/00/02/plot_snrifar_ID76_ID0000109.meta,/mnt/poseidon-data/poseidon/workflows/pycbc/search/poseidon/submit/poseidon/pegasus/pycbc-search/run0080/00/02/statmap_inj_ID135_ID0000148.meta,/mnt/poseidon-data/poseidon/workflows/pycbc/search/poseidon/submit/poseidon/pegasus/pycbc-search/run0080/00/01/page_foreground_ID71_ID0000091.meta,/mnt/poseidon-data/poseidon/workflows/pycbc/search/poseidon/submit/poseidon/pegasus/pycbc-search/run0080/00/02/statmap_inj_ID135_ID0000146.meta --insert /mnt/poseidon-data/poseidon/workflows/pycbc/search/poseidon/submit/poseidon/pegasus/pycbc-search/run0080/00/03/register_condorpool_9_0.in",2.8,0,0,,,,,,,,,
register_condorpool_9_5,None,auxiliary,0,1715231211.0,,,1715231232.0,,,0.0,1715231236.0,1715231242.0,,,0.0,1715231242.0,1715231247.0,21.0,,4.0,6.0,5.0,,,,,poseidon,local,poseidon-submit,pegasus::rc-client,/mnt/poseidon-data/poseidon/pegasus-5.1.0panorama/bin/pegasus-rc-client,"pegasus-kickstart  -n pegasus::rc-client -N null -R local  -L pycbc-search -T 2024-03-27T21:26:08+00:00 /home/poseidon/pegasus-5.1.0panorama/bin/pegasus-rc-client --prefix pegasus.catalog.replica.output --conf /mnt/poseidon-data/poseidon/workflows/pycbc/search/poseidon/submit/poseidon/pegasus/pycbc-search/run0080/pegasus.17582139319119171220.properties -v --meta /mnt/poseidon-data/poseidon/workflows/pycbc/search/poseidon/submit/poseidon/pegasus/pycbc-search/run0080/00/02/page_ifar_ID80_ID0000111.meta,/mnt/poseidon-data/poseidon/workflows/pycbc/search/poseidon/submit/poseidon/pegasus/pycbc-search/run0080/00/02/page_ifar_ID80_ID0000096.meta,/mnt/poseidon-data/poseidon/workflows/pycbc/search/poseidon/submit/poseidon/pegasus/pycbc-search/run0080/00/02/plot_snrratehist_ID78_ID0000094.meta,/mnt/poseidon-data/poseidon/workflows/pycbc/search/poseidon/submit/poseidon/pegasus/pycbc-search/run0080/00/02/plot_snrifar_ID76_ID0000128.meta,/mnt/poseidon-data/poseidon/workflows/pycbc/search/poseidon/submit/poseidon/pegasus/pycbc-search/run0080/00/02/page_ifar_ID80_ID0000090.meta,/mnt/poseidon-data/poseidon/workflows/pycbc/search/poseidon/submit/poseidon/pegasus/pycbc-search/run0080/00/02/page_foreground_ID71_ID0000124.meta,/mnt/poseidon-data/poseidon/workflows/pycbc/search/poseidon/submit/poseidon/pegasus/pycbc-search/run0080/00/02/page_ifar_ID80_ID0000129.meta,/mnt/poseidon-data/poseidon/workflows/pycbc/search/poseidon/submit/poseidon/pegasus/pycbc-search/run0080/00/02/plot_snrifar_ID76_ID0000113.meta,/mnt/poseidon-data/poseidon/workflows/pycbc/search/poseidon/submit/poseidon/pegasus/pycbc-search/run0080/00/02/page_foreground_ID71_ID0000105.meta --insert /mnt/poseidon-data/poseidon/workflows/pycbc/search/poseidon/submit/poseidon/pegasus/pycbc-search/run0080/00/03/register_condorpool_9_5.in",3.0,0,0,,,,,,,,,
plot_binnedhist_ID54_ID0000063,None,compute,0,1715231216.0,,,1715231221.0,1715231223.0,1715231239.0,140865806.1,1715231222.0,1715231257.0,1715231249.0,1715231252.0,33301.0,1715231257.0,1715231262.0,5.0,,1.0,35.0,5.0,16.0,1385353301.0,3.0,92433.0,poseidon,condorpool,poseidon-worker-2-container-36-39,plot_binnedhist_ID54,/usr/local/bin/pycbc_fit_sngls_split_binned,,4.6,0,0,,,,,,,,,
plot_hist_ID52_ID0000062,None,compute,0,1715231216.0,,,1715231221.0,1715231237.0,1715231264.0,65656732.8,1715231236.0,1715231282.0,1715231273.0,1715231276.0,4336.0,1715231282.0,1715231288.0,5.0,,15.0,46.0,6.0,27.0,1385320111.0,3.0,11883.0,poseidon,condorpool,poseidon-worker-1-container-24-27,plot_hist_ID52,/usr/local/bin/pycbc_plot_hist,,3.0,0,0,,,,,,,,,
plot_hist_ID52_ID0000053,None,compute,0,1715231216.0,,,1715231221.0,1715231237.0,1715231262.0,73756457.3,1715231236.0,1715231282.0,1715231270.0,1715231273.0,4056.0,1715231282.0,1715231288.0,5.0,,15.0,46.0,6.0,25.0,1386145234.0,3.0,11164.0,poseidon,condorpool,poseidon-worker-1-container-28-31,plot_hist_ID52,/usr/local/bin/pycbc_plot_hist,,3.1,0,0,,,,,,,,,
plot_singles_ID51_ID0000056,None,compute,0,1715231216.0,,,1715231221.0,1715231237.0,1715231261.0,75176853.9,1715231236.0,1715231282.0,1715231271.0,1715231274.0,22986.0,1715231282.0,1715231288.0,5.0,,15.0,46.0,6.0,24.0,1385771313.0,3.0,62954.0,poseidon,condorpool,poseidon-worker-2-container-28-31,plot_singles_ID51,/usr/local/bin/pycbc_plot_singles_vs_params,,3.5,0,0,,,,,,,,,
plot_hist_ID52_ID0000061,None,compute,0,1715231216.0,,,1715231221.0,1715231237.0,1715231263.0,67181979.4,1715231236.0,1715231282.0,1715231272.0,1715231275.0,4402.0,1715231282.0,1715231288.0,5.0,,15.0,46.0,6.0,26.0,1385320111.0,3.0,12072.0,poseidon,condorpool,poseidon-worker-2-container-20-23,plot_hist_ID52,/usr/local/bin/pycbc_plot_hist,,3.3,0,0,,,,,,,,,
plot_hist_ID52_ID0000054,None,compute,0,1715231216.0,,,1715231221.0,1715231237.0,1715231255.0,113797895.0,1715231236.0,1715231277.0,1715231264.0,1715231267.0,4513.0,1715231277.0,1715231282.0,5.0,,15.0,41.0,5.0,18.0,1386145234.0,3.0,12415.0,poseidon,condorpool,poseidon-worker-1-container-36-39,plot_hist_ID52,/usr/local/bin/pycbc_plot_hist,,3.2,0,0,,,,,,,,,
plot_binnedhist_ID54_ID0000055,None,compute,0,1715231216.0,,,1715231221.0,1715231237.0,1715231260.0,81054056.9,1715231236.0,1715231282.0,1715231270.0,1715231273.0,32935.0,1715231282.0,1715231288.0,5.0,,15.0,46.0,6.0,23.0,1386178424.0,3.0,90750.0,poseidon,condorpool,poseidon-worker-2-container-24-27,plot_binnedhist_ID54,/usr/local/bin/pycbc_fit_sngls_split_binned,,4.1,0,0,,,,,,,,,
plot_snrchi_ID48_ID0000050,None,compute,0,1715231216.0,,,1715231221.0,1715231237.0,1715231263.0,69154723.2,1715231236.0,1715231282.0,1715231272.0,1715231275.0,59401.0,1715231282.0,1715231288.0,5.0,,15.0,46.0,6.0,26.0,1385738123.0,3.0,164217.0,poseidon,condorpool,poseidon-worker-2-container-36-39,plot_snrchi_ID48,/usr/local/bin/pycbc_page_snrchi,,3.4,0,0,,,,,,,,,
plot_binnedhist_ID54_ID0000059,None,compute,0,1715231216.0,,,1715231221.0,1715231237.0,1715231260.0,84244153.9,1715231236.0,1715231282.0,1715231269.0,1715231272.0,32714.0,1715231282.0,1715231288.0,5.0,,15.0,46.0,6.0,23.0,1385771313.0,3.0,90680.0,poseidon,condorpool,poseidon-worker-1-container-0-3,plot_binnedhist_ID54,/usr/local/bin/pycbc_fit_sngls_split_binned,,4.2,0,0,,,,,,,,,
plot_hist_ID52_ID0000058,cpu_2,compute,0,1715231216.0,,,1715231221.0,1715231237.0,1715231257.0,99386945.2,1715231236.0,1715231277.0,1715231266.0,1715231269.0,4624.0,1715231277.0,1715231282.0,5.0,,15.0,41.0,5.0,20.0,1385738123.0,3.0,12570.0,poseidon,condorpool,poseidon-worker-2-container-40-43,plot_hist_ID52,/usr/local/bin/pycbc_plot_hist,,3.3,0,0,,,,,,,,,
plot_singles_ID51_ID0000052,None,compute,0,1715231216.0,,,1715231221.0,1715231237.0,1715231261.0,80121903.3,1715231236.0,1715231282.0,1715231270.0,1715231272.0,21282.0,1715231282.0,1715231288.0,5.0,,15.0,46.0,6.0,24.0,1386178424.0,2.0,58707.0,poseidon,condorpool,poseidon-worker-1-container-44-47,plot_singles_ID51,/usr/local/bin/pycbc_plot_singles_vs_params,,3.2,0,0,,,,,,,,,
plot_singles_ID51_ID0000060,cpu_2,compute,0,1715231216.0,,,1715231221.0,1715231237.0,1715231257.0,95957040.3,1715231236.0,1715231277.0,1715231267.0,1715231270.0,18886.0,1715231277.0,1715231282.0,5.0,,15.0,41.0,5.0,20.0,1385353301.0,3.0,53255.0,poseidon,condorpool,poseidon-worker-2-container-44-47,plot_singles_ID51,/usr/local/bin/pycbc_plot_singles_vs_params,,3.1,0,0,,,,,,,,,
plot_snrchi_ID48_ID0000049,None,compute,0,1715231216.0,,,1715231221.0,1715231237.0,1715231255.0,119022209.6,1715231236.0,1715231277.0,1715231264.0,1715231267.0,51077.0,1715231277.0,1715231282.0,5.0,,15.0,41.0,5.0,18.0,1386145234.0,3.0,143314.0,poseidon,condorpool,poseidon-worker-1-container-8-11,plot_snrchi_ID48,/usr/local/bin/pycbc_page_snrchi,,3.5,0,0,,,,,,,,,
plot_snrchi_ID48_ID0000051,None,compute,0,1715231216.0,,,1715231221.0,1715231237.0,1715231258.0,93388666.7,1715231236.0,1715231277.0,1715231267.0,1715231270.0,90507.0,1715231277.0,1715231282.0,5.0,,15.0,41.0,5.0,21.0,1385320111.0,3.0,251125.0,poseidon,condorpool,poseidon-worker-1-container-40-43,plot_snrchi_ID48,/usr/local/bin/pycbc_page_snrchi,,3.5,0,0,,,,,,,,,
plot_hist_ID52_ID0000057,None,compute,0,1715231216.0,,,1715231221.0,1715231237.0,1715231268.0,56433600.2,1715231236.0,1715231288.0,1715231276.0,1715231279.0,4155.0,1715231288.0,1715231293.0,5.0,,15.0,52.0,5.0,31.0,1385738123.0,3.0,11275.0,poseidon,condorpool,poseidon-worker-1-container-32-35,plot_hist_ID52,/usr/local/bin/pycbc_plot_hist,,2.9,0,0,,,,,,,,,
hdfinjfind_ID149_ID0000159,cpu_2,compute,0,1715231221.0,,,1715231227.0,1715231237.0,1715231260.0,82711916.1,1715231236.0,1715231277.0,1715231268.0,1715231271.0,37196.0,1715231277.0,1715231282.0,6.0,,9.0,41.0,5.0,23.0,1380017447.0,3.0,102324.0,poseidon,condorpool,poseidon-worker-2-container-16-19,hdfinjfind_ID149,/usr/local/bin/pycbc_coinc_hdfinjfind,,2.2,0,0,,,,,,,,,
hdfinjfind_ID149_ID0000158,None,compute,0,1715231221.0,,,1715231227.0,1715231237.0,1715231257.0,97544696.6,1715231236.0,1715231277.0,1715231265.0,1715231268.0,37093.0,1715231277.0,1715231282.0,6.0,,9.0,41.0,5.0,20.0,1380017447.0,3.0,102324.0,poseidon,condorpool,poseidon-worker-2-container-32-35,hdfinjfind_ID149,/usr/local/bin/pycbc_coinc_hdfinjfind,,2.5,0,0,,,,,,,,,
stage_out_local_condorpool_10_0,None,transfer,0,1715231221.0,,,1715231227.0,,,0.0,1715231227.0,1715231237.0,1715231227.0,1715231231.0,72884.0,1715231237.0,1715231242.0,6.0,,0.0,10.0,5.0,,,4.0,293751.0,poseidon,local,poseidon-submit,pegasus::transfer,/mnt/poseidon-data/poseidon/pegasus-5.1.0panorama/bin/pegasus-transfer,pegasus-kickstart  -n pegasus::transfer -N null -i - -R local  -L pycbc-search -T 2024-03-27T21:26:08+00:00 pegasus-transfer  --threads 2,0.7,0,0,,,,,,,,,
register_condorpool_10_0,None,auxiliary,0,1715231242.0,,,1715231247.0,,,0.0,1715231247.0,1715231252.0,,,0.0,1715231252.0,1715231257.0,5.0,,0.0,5.0,5.0,,,,,poseidon,local,poseidon-submit,pegasus::rc-client,/mnt/poseidon-data/poseidon/pegasus-5.1.0panorama/bin/pegasus-rc-client,"pegasus-kickstart  -n pegasus::rc-client -N null -R local  -L pycbc-search -T 2024-03-27T21:26:08+00:00 /home/poseidon/pegasus-5.1.0panorama/bin/pegasus-rc-client --prefix pegasus.catalog.replica.output --conf /mnt/poseidon-data/poseidon/workflows/pycbc/search/poseidon/submit/poseidon/pegasus/pycbc-search/run0080/pegasus.17582139319119171220.properties -v --meta /mnt/poseidon-data/poseidon/workflows/pycbc/search/poseidon/submit/poseidon/pegasus/pycbc-search/run0080/00/02/page_foreground_ID71_ID0000080.meta,/mnt/poseidon-data/poseidon/workflows/pycbc/search/poseidon/submit/poseidon/pegasus/pycbc-search/run0080/00/03/page_foreground_ID71_ID0000078.meta,/mnt/poseidon-data/poseidon/workflows/pycbc/search/poseidon/submit/poseidon/pegasus/pycbc-search/run0080/00/03/page_ifar_catalog_ID70_ID0000077.meta,/mnt/poseidon-data/poseidon/workflows/pycbc/search/poseidon/submit/poseidon/pegasus/pycbc-search/run0080/00/03/combine_statmap_ID36_ID0000157.meta,/mnt/poseidon-data/poseidon/workflows/pycbc/search/poseidon/submit/poseidon/pegasus/pycbc-search/run0080/00/03/foreground_censor_ID37_ID0000038.meta,/mnt/poseidon-data/poseidon/workflows/pycbc/search/poseidon/submit/poseidon/pegasus/pycbc-search/run0080/00/03/page_foreground_ID71_ID0000079.meta --insert /mnt/poseidon-data/poseidon/workflows/pycbc/search/poseidon/submit/poseidon/pegasus/pycbc-search/run0080/00/03/register_condorpool_10_0.in",2.9,0,0,,,,,,,,,
stage_out_local_condorpool_0_1_pegasus-plan_ID0000084,None,transfer,0,1715231274.0,,,1715231279.0,,,0.0,1715231279.0,1715231289.0,1715231279.0,1715231283.0,288290.0,1715231289.0,1715231294.0,5.0,,0.0,10.0,5.0,,,4.0,1161109.0,poseidon,local,poseidon-submit,pegasus::transfer,/mnt/poseidon-data/poseidon/pegasus-5.1.0panorama/bin/pegasus-transfer,/home/poseidon/pegasus-5.1.0panorama/bin/../bin/pegasus-kickstart  -n pegasus::transfer -N null -i - -R local  -L H1L1V1-FOREGROUND_MINIFOLLOWUP_FULL_DATA_BACKGROUND-1186740100-3400 -T 2024-03-13T22:37:56+00:00 /home/poseidon/pegasus-5.1.0panorama/bin/../bin/pegasus-transfer  --threads 2,0.7,0,0,,,,,,,,,
plot_sensitivity_ID166_ID0000176,None,compute,0,1715231282.0,,,1715231287.0,1715231289.0,1715231314.0,74384749.9,1715231288.0,1715231334.0,1715231323.0,1715231325.0,7558.0,1715231334.0,1715231339.0,5.0,,1.0,46.0,5.0,25.0,1379983284.0,2.0,20660.0,poseidon,condorpool,poseidon-worker-1-container-0-3,plot_sensitivity_ID166,/usr/local/bin/pycbc_page_sensitivity,,3.2,0,0,,,,,,,,,
plot_foundmissed_ID151_ID0000183,cpu_2,compute,0,1715231282.0,,,1715231287.0,1715231289.0,1715231309.0,99187435.2,1715231288.0,1715231339.0,1715231327.0,1715231330.0,20968.0,1715231339.0,1715231344.0,5.0,,1.0,51.0,5.0,20.0,1379983284.0,3.0,58096.0,poseidon,condorpool,poseidon-worker-2-container-40-43,plot_foundmissed_ID151,/usr/local/bin/pycbc_page_foundmissed,,3.8,0,0,0.1,34247727.0,2753068.0,8524.0,87.0,1.3,1.2,1712386.3,137653.4
plot_coinc_snrchi_ID155_ID0000170,None,compute,0,1715231282.0,,,1715231287.0,1715231289.0,1715231326.0,45161257.1,1715231288.0,1715231354.0,1715231343.0,1715231346.0,39969.0,1715231354.0,1715231359.0,5.0,,1.0,66.0,5.0,37.0,1390685531.0,3.0,113320.0,poseidon,condorpool,poseidon-worker-2-container-24-27,plot_coinc_snrchi_ID155,/usr/local/bin/pycbc_page_coinc_snrchi,,4.2,0,0,0.1,44661848.0,7274645.0,9505.0,103.0,1.5,1.3,2233092.4,363732.2
plot_sensitivity_ID166_ID0000181,None,compute,0,1715231282.0,,,1715231287.0,1715231289.0,1715231318.0,60629328.9,1715231288.0,1715231339.0,1715231327.0,1715231330.0,6294.0,1715231339.0,1715231344.0,5.0,,1.0,51.0,5.0,29.0,1379983284.0,3.0,17252.0,poseidon,condorpool,poseidon-worker-1-container-44-47,plot_sensitivity_ID166,/usr/local/bin/pycbc_page_sensitivity,,3.2,0,0,,,,,,,,,
plot_foundmissed_ID151_ID0000179,None,compute,0,1715231282.0,,,1715231287.0,1715231289.0,1715231323.0,49357708.7,1715231288.0,1715231349.0,1715231339.0,1715231342.0,20516.0,1715231349.0,1715231354.0,5.0,,1.0,61.0,5.0,34.0,1379983284.0,3.0,58104.0,poseidon,condorpool,poseidon-worker-2-container-24-27,plot_foundmissed_ID151,/usr/local/bin/pycbc_page_foundmissed,,3.9,0,0,0.1,42434830.0,7274814.0,9032.0,104.0,1.5,1.2,2121741.5,363740.7
plot_foundmissed_ID151_ID0000178,None,compute,0,1715231282.0,,,1715231287.0,1715231289.0,1715231311.0,83003611.8,1715231288.0,1715231339.0,1715231329.0,1715231332.0,20999.0,1715231339.0,1715231344.0,5.0,,1.0,51.0,5.0,22.0,1379983284.0,3.0,58096.0,poseidon,condorpool,poseidon-worker-1-container-44-47,plot_foundmissed_ID151,/usr/local/bin/pycbc_page_foundmissed,,3.9,0,0,0.0,34798086.0,3277356.0,8862.0,95.0,1.3,1.3,1739904.3,163867.8
plot_sensitivity_ID166_ID0000180,None,compute,0,1715231282.0,,,1715231287.0,1715231289.0,1715231323.0,49161130.9,1715231288.0,1715231344.0,1715231332.0,1715231335.0,7445.0,1715231344.0,1715231349.0,5.0,,1.0,56.0,5.0,34.0,1379983284.0,3.0,20664.0,poseidon,condorpool,poseidon-worker-1-container-8-11,plot_sensitivity_ID166,/usr/local/bin/pycbc_page_sensitivity,,3.0,0,0,,,,,,,,,
plot_coinc_snrchi_ID155_ID0000168,None,compute,0,1715231282.0,,,1715231288.0,1715231289.0,1715231312.0,85651985.5,1715231288.0,1715231339.0,1715231330.0,1715231333.0,43292.0,1715231339.0,1715231344.0,6.0,,0.0,51.0,5.0,23.0,1416682619.0,3.0,120198.0,poseidon,condorpool,poseidon-worker-2-container-28-31,plot_coinc_snrchi_ID155,/usr/local/bin/pycbc_page_coinc_snrchi,,4.2,0,0,0.1,38631977.0,3146115.0,9096.0,92.0,1.4,1.3,1931598.9,157305.8
plot_coinc_snrchi_ID155_ID0000169,None,compute,0,1715231282.0,,,1715231288.0,1715231289.0,1715231311.0,90385050.7,1715231288.0,1715231339.0,1715231329.0,1715231332.0,40305.0,1715231339.0,1715231344.0,6.0,,0.0,51.0,5.0,22.0,1417264792.0,3.0,112848.0,poseidon,condorpool,poseidon-worker-1-container-16-19,plot_coinc_snrchi_ID155,/usr/local/bin/pycbc_page_coinc_snrchi,,3.9,0,0,0.1,38759934.0,3211651.0,8938.0,93.0,1.4,1.2,1937996.7,160582.5
plot_foundmissed_ID151_ID0000182,None,compute,0,1715231282.0,,,1715231287.0,1715231289.0,1715231314.0,70918519.3,1715231288.0,1715231344.0,1715231332.0,1715231335.0,21063.0,1715231344.0,1715231349.0,5.0,,1.0,56.0,5.0,25.0,1379983284.0,3.0,58088.0,poseidon,condorpool,poseidon-worker-1-container-40-43,plot_foundmissed_ID151,/usr/local/bin/pycbc_page_foundmissed,,4.3,0,0,0.0,34255719.0,2753068.0,8520.0,87.0,1.4,1.4,1712786.0,137653.4
pegasus-plan_ID0000174,None,subwf,0,1715231282.0,1715231282.0,1715231291.0,1715231293.0,,,0.0,1715231298.0,1715231529.0,,,0.0,,,0.0,9.0,5.0,231.0,,,,,,poseidon,local,poseidon-submit,condor::dagman,/usr/bin/condor_dagman,-p 0  -f -l . -Notification never -Debug 3 -Lockfile H1L1V1-INJECTION_MINIFOLLOWUP_BBH-1186740100-3400.dag.lock -Dag H1L1V1-INJECTION_MINIFOLLOWUP_BBH-1186740100-3400.dag -AllowVersionMismatch  -AutoRescue 1 -DoRescueFrom 0,0.0,0,0,,,,,,,,,
plot_sensitivity_ID166_ID0000177,cpu_2,compute,0,1715231282.0,,,1715231287.0,1715231289.0,1715231306.0,120401512.6,1715231288.0,1715231323.0,1715231315.0,1715231318.0,5770.0,1715231323.0,1715231329.0,5.0,,1.0,35.0,6.0,17.0,1379983284.0,3.0,17248.0,poseidon,condorpool,poseidon-worker-2-container-44-47,plot_sensitivity_ID166,/usr/local/bin/pycbc_page_sensitivity,,2.9,0,0,,,,,,,,,
plot_coinc_snrchi_ID155_ID0000171,None,compute,0,1715231282.0,,,1715231288.0,1715231289.0,1715231310.0,96448904.6,1715231288.0,1715231339.0,1715231329.0,1715231331.0,39506.0,1715231339.0,1715231344.0,6.0,,0.0,51.0,5.0,21.0,1391076939.0,2.0,109301.0,poseidon,condorpool,poseidon-worker-1-container-36-39,plot_coinc_snrchi_ID155,/usr/local/bin/pycbc_page_coinc_snrchi,,4.1,0,0,0.1,36761179.0,2949507.0,9018.0,89.0,1.4,1.2,1838058.9,147475.4
page_injections_ID153_ID0000162,None,compute,0,1715231282.0,,,1715231288.0,1715231289.0,1715231313.0,81104526.1,1715231288.0,1715231339.0,1715231330.0,1715231333.0,9753.0,1715231339.0,1715231344.0,6.0,,0.0,51.0,5.0,24.0,1384445163.0,3.0,26776.0,poseidon,condorpool,poseidon-worker-2-container-28-31,page_injections_ID153,/usr/local/bin/pycbc_page_injtable,,3.5,0,0,0.1,34683559.0,2949507.0,8894.0,89.0,1.3,1.4,1734177.9,147475.4
page_injections_ID153_ID0000163,None,compute,0,1715231282.0,,,1715231288.0,1715231289.0,1715231316.0,64232114.0,1715231288.0,1715231344.0,1715231333.0,1715231335.0,2511.0,1715231344.0,1715231349.0,6.0,,0.0,56.0,5.0,27.0,1379983284.0,2.0,6912.0,poseidon,condorpool,poseidon-worker-1-container-0-3,page_injections_ID153,/usr/local/bin/pycbc_page_injtable,,3.3,0,0,0.1,34467877.0,3473795.0,8821.0,97.0,1.2,1.2,1723393.8,173689.8
plot_coinc_snrchi_ID155_ID0000164,cpu_2,compute,0,1715231282.0,,,1715231288.0,1715231289.0,1715231314.0,77792872.2,1715231288.0,1715231344.0,1715231331.0,1715231334.0,50427.0,1715231344.0,1715231349.0,6.0,,0.0,56.0,5.0,25.0,1416521795.0,3.0,140909.0,poseidon,condorpool,poseidon-worker-2-container-16-19,plot_coinc_snrchi_ID155,/usr/local/bin/pycbc_page_coinc_snrchi,,3.7,0,0,0.1,38802858.0,3408259.0,9514.0,96.0,1.3,1.2,1940142.9,170413.0
plot_coinc_snrchi_ID155_ID0000165,None,compute,0,1715231282.0,,,1715231288.0,1715231289.0,1715231316.0,69083028.7,1715231288.0,1715231344.0,1715231333.0,1715231335.0,41757.0,1715231344.0,1715231349.0,6.0,,0.0,56.0,5.0,27.0,1416913203.0,2.0,116642.0,poseidon,condorpool,poseidon-worker-1-container-20-23,plot_coinc_snrchi_ID155,/usr/local/bin/pycbc_page_coinc_snrchi,,3.9,0,0,0.1,38868202.0,3408259.0,9207.0,96.0,1.4,1.2,1943410.1,170412.9
plot_coinc_snrchi_ID155_ID0000166,None,compute,0,1715231282.0,,,1715231288.0,1715231289.0,1715231317.0,66169623.2,1715231288.0,1715231344.0,1715231334.0,1715231336.0,48350.0,1715231344.0,1715231349.0,6.0,,0.0,56.0,5.0,28.0,1416534107.0,2.0,135584.0,poseidon,condorpool,poseidon-worker-2-container-20-23,plot_coinc_snrchi_ID155,/usr/local/bin/pycbc_page_coinc_snrchi,,4.1,0,0,0.1,38814012.0,3408259.0,9140.0,96.0,1.3,1.3,1940700.6,170413.0
plot_coinc_snrchi_ID155_ID0000167,cpu_2,compute,0,1715231282.0,,,1715231288.0,1715231289.0,1715231317.0,67281407.0,1715231288.0,1715231344.0,1715231334.0,1715231337.0,39901.0,1715231344.0,1715231349.0,6.0,,0.0,56.0,5.0,28.0,1417507688.0,3.0,111137.0,poseidon,condorpool,poseidon-worker-2-container-16-19,plot_coinc_snrchi_ID155,/usr/local/bin/pycbc_page_coinc_snrchi,,3.9,0,0,0.1,38896252.0,3342723.0,9179.0,95.0,1.4,1.2,1944812.6,167136.1
plot_foundmissed_ID151_ID0000160,None,compute,0,1715231282.0,,,1715231288.0,1715231289.0,1715231309.0,95628666.6,1715231288.0,1715231339.0,1715231328.0,1715231330.0,20911.0,1715231339.0,1715231344.0,6.0,,0.0,51.0,5.0,20.0,1379983284.0,2.0,58100.0,poseidon,condorpool,poseidon-worker-1-container-8-11,plot_foundmissed_ID151,/usr/local/bin/pycbc_page_foundmissed,,4.0,0,0,0.0,34918214.0,3342892.0,9073.0,96.0,1.4,1.3,1745910.7,167144.6
plot_foundmissed_ID151_ID0000161,None,compute,0,1715231282.0,,,1715231288.0,1715231289.0,1715231314.0,70201280.9,1715231288.0,1715231344.0,1715231332.0,1715231335.0,20886.0,1715231344.0,1715231349.0,6.0,,0.0,56.0,5.0,25.0,1379983284.0,3.0,58108.0,poseidon,condorpool,poseidon-worker-1-container-32-35,plot_foundmissed_ID151,/usr/local/bin/pycbc_page_foundmissed,,4.0,0,0,0.1,34436231.0,2884140.0,8526.0,89.0,1.4,1.4,1721811.6,144207.0
plot_coinc_snrchi_ID155_ID0000172,None,compute,0,1715231282.0,,,1715231288.0,1715231289.0,1715231309.0,110394975.2,1715231288.0,1715231339.0,1715231328.0,1715231330.0,36655.0,1715231339.0,1715231344.0,6.0,,0.0,51.0,5.0,20.0,1391659112.0,2.0,102513.0,poseidon,condorpool,poseidon-worker-1-container-24-27,plot_coinc_snrchi_ID155,/usr/local/bin/pycbc_page_coinc_snrchi,,4.1,0,0,0.1,37029127.0,3146115.0,8947.0,92.0,1.4,1.3,1851456.3,157305.8
stage_out_local_condorpool_0_1_pegasus-plan_ID0000082,None,transfer,0,1715231284.0,,,1715231289.0,,,0.0,1715231293.0,1715231304.0,1715231293.0,1715231297.0,295194.0,1715231304.0,1715231309.0,5.0,,4.0,11.0,5.0,,,4.0,1189715.0,poseidon,local,poseidon-submit,pegasus::transfer,/mnt/poseidon-data/poseidon/pegasus-5.1.0panorama/bin/pegasus-transfer,/home/poseidon/pegasus-5.1.0panorama/bin/../bin/pegasus-kickstart  -n pegasus::transfer -N null -i - -R local  -L H1L1V1-FOREGROUND_MINIFOLLOWUP_FULL_DATA_FOREGROUND-1186740100-3400 -T 2024-03-13T22:37:56+00:00 /home/poseidon/pegasus-5.1.0panorama/bin/../bin/pegasus-transfer  --threads 2,0.7,0,0,,,,,,,,,
stage_out_local_condorpool_0_0_pegasus-plan_ID0000082,None,transfer,0,1715231284.0,,,1715231289.0,,,0.0,1715231293.0,1715231304.0,1715231293.0,1715231297.0,244328.0,1715231304.0,1715231309.0,5.0,,4.0,11.0,5.0,,,4.0,984959.0,poseidon,local,poseidon-submit,pegasus::transfer,/mnt/poseidon-data/poseidon/pegasus-5.1.0panorama/bin/pegasus-transfer,/home/poseidon/pegasus-5.1.0panorama/bin/../bin/pegasus-kickstart  -n pegasus::transfer -N null -i - -R local  -L H1L1V1-FOREGROUND_MINIFOLLOWUP_FULL_DATA_FOREGROUND-1186740100-3400 -T 2024-03-13T22:37:56+00:00 /home/poseidon/pegasus-5.1.0panorama/bin/../bin/pegasus-transfer  --threads 2,0.5,0,0,,,,,,,,,
stage_out_local_condorpool_0_0_pegasus-plan_ID0000084,None,transfer,0,1715231284.0,,,1715231289.0,,,0.0,1715231289.0,1715231299.0,1715231289.0,1715231293.0,254991.0,1715231299.0,1715231304.0,5.0,,0.0,10.0,5.0,,,4.0,1027618.0,poseidon,local,poseidon-submit,pegasus::transfer,/mnt/poseidon-data/poseidon/pegasus-5.1.0panorama/bin/pegasus-transfer,/home/poseidon/pegasus-5.1.0panorama/bin/../bin/pegasus-kickstart  -n pegasus::transfer -N null -i - -R local  -L H1L1V1-FOREGROUND_MINIFOLLOWUP_FULL_DATA_BACKGROUND-1186740100-3400 -T 2024-03-13T22:37:56+00:00 /home/poseidon/pegasus-5.1.0panorama/bin/../bin/pegasus-transfer  --threads 2,0.5,0,0,,,,,,,,,
stage_out_local_condorpool_11_1,None,transfer,0,1715231288.0,,,1715231293.0,,,0.0,1715231298.0,1715231308.0,1715231298.0,1715231302.0,168185.0,1715231308.0,1715231313.0,5.0,,5.0,10.0,5.0,,,4.0,677636.0,poseidon,local,poseidon-submit,pegasus::transfer,/mnt/poseidon-data/poseidon/pegasus-5.1.0panorama/bin/pegasus-transfer,pegasus-kickstart  -n pegasus::transfer -N null -i - -R local  -L pycbc-search -T 2024-03-27T21:26:08+00:00 pegasus-transfer  --threads 2,0.8,0,0,,,,,,,,,
single_template_plot_ID4_ID0000005_pegasus-plan_ID0000082,None,compute,0,1715231289.0,,,1715231294.0,1715231296.0,1715231312.0,131261955.2,1715231295.0,1715231334.0,1715231321.0,1715231323.0,39890.0,1715231334.0,1715231339.0,5.0,,1.0,39.0,5.0,16.0,1389826192.0,2.0,110810.0,poseidon,condorpool,poseidon-worker-1-container-28-31,single_template_plot_ID4,/usr/local/bin/pycbc_single_template_plot,,2.9,0,0,,,,,,,,,
stage_out_local_condorpool_11_0,None,transfer,0,1715231293.0,,,1715231298.0,,,0.0,1715231299.0,1715231313.0,1715231299.0,1715231303.0,150278.0,1715231313.0,1715231318.0,5.0,,1.0,14.0,5.0,,,4.0,605826.0,poseidon,local,poseidon-submit,pegasus::transfer,/mnt/poseidon-data/poseidon/pegasus-5.1.0panorama/bin/pegasus-transfer,pegasus-kickstart  -n pegasus::transfer -N null -i - -R local  -L pycbc-search -T 2024-03-27T21:26:08+00:00 pegasus-transfer  --threads 2,0.9,0,0,,,,,,,,,
single_template_plot_ID4_ID0000007_pegasus-plan_ID0000082,cpu_2,compute,0,1715231294.0,,,1715231299.0,1715231301.0,1715231316.0,142224441.6,1715231300.0,1715231334.0,1715231325.0,1715231328.0,36288.0,1715231334.0,1715231339.0,5.0,,1.0,34.0,5.0,15.0,1389826192.0,3.0,99103.0,poseidon,condorpool,poseidon-worker-2-container-44-47,single_template_plot_ID4,/usr/local/bin/pycbc_single_template_plot,,3.2,0,0,,,,,,,,,
single_template_plot_ID4_ID0000005_pegasus-plan_ID0000084,None,compute,0,1715231294.0,,,1715231299.0,1715231301.0,1715231317.0,131945323.0,1715231300.0,1715231334.0,1715231325.0,1715231328.0,47119.0,1715231334.0,1715231339.0,5.0,,1.0,34.0,5.0,16.0,1389826192.0,3.0,129581.0,poseidon,condorpool,poseidon-worker-1-container-32-35,single_template_plot_ID4,/usr/local/bin/pycbc_single_template_plot,,2.8,0,0,,,,,,,,,
single_template_plot_ID4_ID0000007_pegasus-plan_ID0000084,None,compute,0,1715231294.0,,,1715231299.0,1715231301.0,1715231320.0,98030316.4,1715231300.0,1715231339.0,1715231329.0,1715231332.0,44613.0,1715231339.0,1715231344.0,5.0,,1.0,39.0,5.0,19.0,1389826192.0,3.0,123543.0,poseidon,condorpool,poseidon-worker-2-container-24-27,single_template_plot_ID4,/usr/local/bin/pycbc_single_template_plot,,2.9,0,0,,,,,,,,,
register_condorpool_0_1_pegasus-plan_ID0000084,None,auxiliary,0,1715231294.0,,,1715231299.0,,,0.0,1715231302.0,1715231304.0,,,0.0,1715231304.0,1715231309.0,5.0,,3.0,2.0,5.0,,,,,poseidon,local,poseidon-submit,pegasus::rc-client,/mnt/poseidon-data/poseidon/pegasus-5.1.0panorama/bin/pegasus-rc-client,"-n pegasus::rc-client -N null -R local  -L H1L1V1-FOREGROUND_MINIFOLLOWUP_FULL_DATA_BACKGROUND-1186740100-3400 -T 2024-03-13T22:37:56+00:00 /home/poseidon/pegasus-5.1.0panorama/bin/pegasus-rc-client --prefix pegasus.catalog.replica.output --conf /mnt/poseidon-data/poseidon/workflows/pycbc/search/poseidon/submit/poseidon/pegasus/pycbc-search/run0080/00/03/./H1L1V1-FOREGROUND_MINIFOLLOWUP_FULL_DATA_BACKGROUND-1186740100-3400.dax_ID0000084.000/pegasus.12236841616526878410.properties -v --meta /mnt/poseidon-data/poseidon/workflows/pycbc/search/poseidon/submit/poseidon/pegasus/pycbc-search/run0080/00/03/./H1L1V1-FOREGROUND_MINIFOLLOWUP_FULL_DATA_BACKGROUND-1186740100-3400.dax_ID0000084.000/00/00/plot_trigger_timeseries_ID1_ID0000003.meta,/mnt/poseidon-data/poseidon/workflows/pycbc/search/poseidon/submit/poseidon/pegasus/pycbc-search/run0080/00/03/./H1L1V1-FOREGROUND_MINIFOLLOWUP_FULL_DATA_BACKGROUND-1186740100-3400.dax_ID0000084.000/00/00/plot_singles_timefreq_ID9_ID0000014.meta,/mnt/poseidon-data/poseidon/workflows/pycbc/search/poseidon/submit/poseidon/pegasus/pycbc-search/run0080/00/03/./H1L1V1-FOREGROUND_MINIFOLLOWUP_FULL_DATA_BACKGROUND-1186740100-3400.dax_ID0000084.000/00/00/plot_trigger_timeseries_ID1_ID0000002.meta,/mnt/poseidon-data/poseidon/workflows/pycbc/search/poseidon/submit/poseidon/pegasus/pycbc-search/run0080/00/03/./H1L1V1-FOREGROUND_MINIFOLLOWUP_FULL_DATA_BACKGROUND-1186740100-3400.dax_ID0000084.000/00/00/plot_singles_timefreq_ID9_ID0000010.meta,/mnt/poseidon-data/poseidon/workflows/pycbc/search/poseidon/submit/poseidon/pegasus/pycbc-search/run0080/00/03/./H1L1V1-FOREGROUND_MINIFOLLOWUP_FULL_DATA_BACKGROUND-1186740100-3400.dax_ID0000084.000/00/00/plot_qscan_ID10_ID0000015.meta,/mnt/poseidon-data/poseidon/workflows/pycbc/search/poseidon/submit/poseidon/pegasus/pycbc-search/run0080/00/03/./H1L1V1-FOREGROUND_MINIFOLLOWUP_FULL_DATA_BACKGROUND-1186740100-3400.dax_ID0000084.000/00/00/page_coincinfo_ID0_ID0000001.meta --insert /mnt/poseidon-data/poseidon/workflows/pycbc/search/poseidon/submit/poseidon/pegasus/pycbc-search/run0080/00/03/./H1L1V1-FOREGROUND_MINIFOLLOWUP_FULL_DATA_BACKGROUND-1186740100-3400.dax_ID0000084.000/00/00/register_condorpool_0_1.in",2.8,0,0,,,,,,,,,
create_dir_H1L1V1-INJECTION_MINIFOLLOWUP_BBH-1186740100-3400.dax_0_condorpool_pegasus-plan_ID0000174,None,auxiliary,0,1715231298.0,,,1715231299.0,,,0.0,1715231302.0,1715231309.0,,,0.0,1715231309.0,1715231314.0,1.0,,3.0,7.0,5.0,,,,,poseidon,local,poseidon-submit,pegasus::dirmanager,/mnt/poseidon-data/poseidon/pegasus-5.1.0panorama/bin/pegasus-transfer,pegasus-kickstart  -n pegasus::dirmanager -N null -i - -R local  -L H1L1V1-INJECTION_MINIFOLLOWUP_BBH-1186740100-3400 -T 2024-03-13T22:37:56+00:00 pegasus-transfer,0.2,0,0,,,,,,,,,
single_template_plot_ID4_ID0000009_pegasus-plan_ID0000084,None,compute,0,1715231304.0,,,1715231309.0,1715231317.0,1715231333.0,140537032.0,1715231316.0,1715231354.0,1715231341.0,1715231344.0,37965.0,1715231354.0,1715231359.0,5.0,,7.0,38.0,5.0,16.0,1389826192.0,3.0,108776.0,poseidon,condorpool,poseidon-worker-2-container-24-27,single_template_plot_ID4,/usr/local/bin/pycbc_single_template_plot,,3.0,0,0,,,,,,,,,
single_template_plot_ID4_ID0000009_pegasus-plan_ID0000082,None,compute,0,1715231304.0,,,1715231309.0,1715231317.0,1715231333.0,141869785.0,1715231316.0,1715231354.0,1715231341.0,1715231344.0,38898.0,1715231354.0,1715231359.0,5.0,,7.0,38.0,5.0,16.0,1389826192.0,3.0,110741.0,poseidon,condorpool,poseidon-worker-1-container-8-11,single_template_plot_ID4,/usr/local/bin/pycbc_single_template_plot,,2.9,0,0,,,,,,,,,
register_condorpool_0_0_pegasus-plan_ID0000084,None,auxiliary,0,1715231304.0,,,1715231309.0,,,0.0,1715231309.0,1715231314.0,,,0.0,1715231314.0,1715231319.0,5.0,,0.0,5.0,5.0,,,,,poseidon,local,poseidon-submit,pegasus::rc-client,/mnt/poseidon-data/poseidon/pegasus-5.1.0panorama/bin/pegasus-rc-client,"-n pegasus::rc-client -N null -R local  -L H1L1V1-FOREGROUND_MINIFOLLOWUP_FULL_DATA_BACKGROUND-1186740100-3400 -T 2024-03-13T22:37:56+00:00 /home/poseidon/pegasus-5.1.0panorama/bin/pegasus-rc-client --prefix pegasus.catalog.replica.output --conf /mnt/poseidon-data/poseidon/workflows/pycbc/search/poseidon/submit/poseidon/pegasus/pycbc-search/run0080/00/03/./H1L1V1-FOREGROUND_MINIFOLLOWUP_FULL_DATA_BACKGROUND-1186740100-3400.dax_ID0000084.000/pegasus.12236841616526878410.properties -v --meta /mnt/poseidon-data/poseidon/workflows/pycbc/search/poseidon/submit/poseidon/pegasus/pycbc-search/run0080/00/03/./H1L1V1-FOREGROUND_MINIFOLLOWUP_FULL_DATA_BACKGROUND-1186740100-3400.dax_ID0000084.000/00/00/plot_singles_timefreq_ID9_ID0000012.meta,/mnt/poseidon-data/poseidon/workflows/pycbc/search/poseidon/submit/poseidon/pegasus/pycbc-search/run0080/00/03/./H1L1V1-FOREGROUND_MINIFOLLOWUP_FULL_DATA_BACKGROUND-1186740100-3400.dax_ID0000084.000/00/00/single_template_ID3_ID0000004.meta,/mnt/poseidon-data/poseidon/workflows/pycbc/search/poseidon/submit/poseidon/pegasus/pycbc-search/run0080/00/03/./H1L1V1-FOREGROUND_MINIFOLLOWUP_FULL_DATA_BACKGROUND-1186740100-3400.dax_ID0000084.000/00/00/plot_qscan_ID10_ID0000011.meta,/mnt/poseidon-data/poseidon/workflows/pycbc/search/poseidon/submit/poseidon/pegasus/pycbc-search/run0080/00/03/./H1L1V1-FOREGROUND_MINIFOLLOWUP_FULL_DATA_BACKGROUND-1186740100-3400.dax_ID0000084.000/00/00/single_template_ID3_ID0000008.meta,/mnt/poseidon-data/poseidon/workflows/pycbc/search/poseidon/submit/poseidon/pegasus/pycbc-search/run0080/00/03/./H1L1V1-FOREGROUND_MINIFOLLOWUP_FULL_DATA_BACKGROUND-1186740100-3400.dax_ID0000084.000/00/00/single_template_ID3_ID0000006.meta,/mnt/poseidon-data/poseidon/workflows/pycbc/search/poseidon/submit/poseidon/pegasus/pycbc-search/run0080/00/03/./H1L1V1-FOREGROUND_MINIFOLLOWUP_FULL_DATA_BACKGROUND-1186740100-3400.dax_ID0000084.000/00/00/plot_qscan_ID10_ID0000013.meta --insert /mnt/poseidon-data/poseidon/workflows/pycbc/search/poseidon/submit/poseidon/pegasus/pycbc-search/run0080/00/03/./H1L1V1-FOREGROUND_MINIFOLLOWUP_FULL_DATA_BACKGROUND-1186740100-3400.dax_ID0000084.000/00/00/register_condorpool_0_0.in",2.9,0,0,,,,,,,,,
register_condorpool_0_0_pegasus-plan_ID0000082,None,auxiliary,0,1715231309.0,,,1715231329.0,,,0.0,1715231330.0,1715231334.0,,,0.0,1715231334.0,1715231339.0,20.0,,1.0,4.0,5.0,,,,,poseidon,local,poseidon-submit,pegasus::rc-client,/mnt/poseidon-data/poseidon/pegasus-5.1.0panorama/bin/pegasus-rc-client,"-n pegasus::rc-client -N null -R local  -L H1L1V1-FOREGROUND_MINIFOLLOWUP_FULL_DATA_FOREGROUND-1186740100-3400 -T 2024-03-13T22:37:56+00:00 /home/poseidon/pegasus-5.1.0panorama/bin/pegasus-rc-client --prefix pegasus.catalog.replica.output --conf /mnt/poseidon-data/poseidon/workflows/pycbc/search/poseidon/submit/poseidon/pegasus/pycbc-search/run0080/00/03/./H1L1V1-FOREGROUND_MINIFOLLOWUP_FULL_DATA_FOREGROUND-1186740100-3400.dax_ID0000082.000/pegasus.17882079632088287046.properties -v --meta /mnt/poseidon-data/poseidon/workflows/pycbc/search/poseidon/submit/poseidon/pegasus/pycbc-search/run0080/00/03/./H1L1V1-FOREGROUND_MINIFOLLOWUP_FULL_DATA_FOREGROUND-1186740100-3400.dax_ID0000082.000/00/00/single_template_ID3_ID0000006.meta,/mnt/poseidon-data/poseidon/workflows/pycbc/search/poseidon/submit/poseidon/pegasus/pycbc-search/run0080/00/03/./H1L1V1-FOREGROUND_MINIFOLLOWUP_FULL_DATA_FOREGROUND-1186740100-3400.dax_ID0000082.000/00/00/single_template_ID3_ID0000004.meta,/mnt/poseidon-data/poseidon/workflows/pycbc/search/poseidon/submit/poseidon/pegasus/pycbc-search/run0080/00/03/./H1L1V1-FOREGROUND_MINIFOLLOWUP_FULL_DATA_FOREGROUND-1186740100-3400.dax_ID0000082.000/00/00/plot_singles_timefreq_ID9_ID0000012.meta,/mnt/poseidon-data/poseidon/workflows/pycbc/search/poseidon/submit/poseidon/pegasus/pycbc-search/run0080/00/03/./H1L1V1-FOREGROUND_MINIFOLLOWUP_FULL_DATA_FOREGROUND-1186740100-3400.dax_ID0000082.000/00/00/single_template_ID3_ID0000008.meta,/mnt/poseidon-data/poseidon/workflows/pycbc/search/poseidon/submit/poseidon/pegasus/pycbc-search/run0080/00/03/./H1L1V1-FOREGROUND_MINIFOLLOWUP_FULL_DATA_FOREGROUND-1186740100-3400.dax_ID0000082.000/00/00/plot_qscan_ID10_ID0000011.meta,/mnt/poseidon-data/poseidon/workflows/pycbc/search/poseidon/submit/poseidon/pegasus/pycbc-search/run0080/00/03/./H1L1V1-FOREGROUND_MINIFOLLOWUP_FULL_DATA_FOREGROUND-1186740100-3400.dax_ID0000082.000/00/00/plot_qscan_ID10_ID0000013.meta --insert /mnt/poseidon-data/poseidon/workflows/pycbc/search/poseidon/submit/poseidon/pegasus/pycbc-search/run0080/00/03/./H1L1V1-FOREGROUND_MINIFOLLOWUP_FULL_DATA_FOREGROUND-1186740100-3400.dax_ID0000082.000/00/00/register_condorpool_0_0.in",2.9,0,0,,,,,,,,,
register_condorpool_0_1_pegasus-plan_ID0000082,None,auxiliary,0,1715231309.0,,,1715231314.0,,,0.0,1715231319.0,1715231324.0,,,0.0,1715231324.0,1715231329.0,5.0,,5.0,5.0,5.0,,,,,poseidon,local,poseidon-submit,pegasus::rc-client,/mnt/poseidon-data/poseidon/pegasus-5.1.0panorama/bin/pegasus-rc-client,"-n pegasus::rc-client -N null -R local  -L H1L1V1-FOREGROUND_MINIFOLLOWUP_FULL_DATA_FOREGROUND-1186740100-3400 -T 2024-03-13T22:37:56+00:00 /home/poseidon/pegasus-5.1.0panorama/bin/pegasus-rc-client --prefix pegasus.catalog.replica.output --conf /mnt/poseidon-data/poseidon/workflows/pycbc/search/poseidon/submit/poseidon/pegasus/pycbc-search/run0080/00/03/./H1L1V1-FOREGROUND_MINIFOLLOWUP_FULL_DATA_FOREGROUND-1186740100-3400.dax_ID0000082.000/pegasus.17882079632088287046.properties -v --meta /mnt/poseidon-data/poseidon/workflows/pycbc/search/poseidon/submit/poseidon/pegasus/pycbc-search/run0080/00/03/./H1L1V1-FOREGROUND_MINIFOLLOWUP_FULL_DATA_FOREGROUND-1186740100-3400.dax_ID0000082.000/00/00/plot_singles_timefreq_ID9_ID0000010.meta,/mnt/poseidon-data/poseidon/workflows/pycbc/search/poseidon/submit/poseidon/pegasus/pycbc-search/run0080/00/03/./H1L1V1-FOREGROUND_MINIFOLLOWUP_FULL_DATA_FOREGROUND-1186740100-3400.dax_ID0000082.000/00/00/plot_trigger_timeseries_ID1_ID0000003.meta,/mnt/poseidon-data/poseidon/workflows/pycbc/search/poseidon/submit/poseidon/pegasus/pycbc-search/run0080/00/03/./H1L1V1-FOREGROUND_MINIFOLLOWUP_FULL_DATA_FOREGROUND-1186740100-3400.dax_ID0000082.000/00/00/plot_singles_timefreq_ID9_ID0000014.meta,/mnt/poseidon-data/poseidon/workflows/pycbc/search/poseidon/submit/poseidon/pegasus/pycbc-search/run0080/00/03/./H1L1V1-FOREGROUND_MINIFOLLOWUP_FULL_DATA_FOREGROUND-1186740100-3400.dax_ID0000082.000/00/00/plot_trigger_timeseries_ID1_ID0000002.meta,/mnt/poseidon-data/poseidon/workflows/pycbc/search/poseidon/submit/poseidon/pegasus/pycbc-search/run0080/00/03/./H1L1V1-FOREGROUND_MINIFOLLOWUP_FULL_DATA_FOREGROUND-1186740100-3400.dax_ID0000082.000/00/00/plot_qscan_ID10_ID0000015.meta,/mnt/poseidon-data/poseidon/workflows/pycbc/search/poseidon/submit/poseidon/pegasus/pycbc-search/run0080/00/03/./H1L1V1-FOREGROUND_MINIFOLLOWUP_FULL_DATA_FOREGROUND-1186740100-3400.dax_ID0000082.000/00/00/page_coincinfo_ID0_ID0000001.meta --insert /mnt/poseidon-data/poseidon/workflows/pycbc/search/poseidon/submit/poseidon/pegasus/pycbc-search/run0080/00/03/./H1L1V1-FOREGROUND_MINIFOLLOWUP_FULL_DATA_FOREGROUND-1186740100-3400.dax_ID0000082.000/00/00/register_condorpool_0_1.in",2.8,0,0,,,,,,,,,
register_condorpool_11_1,None,auxiliary,0,1715231313.0,,,1715231318.0,,,0.0,1715231319.0,1715231323.0,,,0.0,1715231323.0,1715231329.0,5.0,,1.0,4.0,6.0,,,,,poseidon,local,poseidon-submit,pegasus::rc-client,/mnt/poseidon-data/poseidon/pegasus-5.1.0panorama/bin/pegasus-rc-client,"pegasus-kickstart  -n pegasus::rc-client -N null -R local  -L pycbc-search -T 2024-03-27T21:26:08+00:00 /home/poseidon/pegasus-5.1.0panorama/bin/pegasus-rc-client --prefix pegasus.catalog.replica.output --conf /mnt/poseidon-data/poseidon/workflows/pycbc/search/poseidon/submit/poseidon/pegasus/pycbc-search/run0080/pegasus.17582139319119171220.properties -v --meta /mnt/poseidon-data/poseidon/workflows/pycbc/search/poseidon/submit/poseidon/pegasus/pycbc-search/run0080/00/03/plot_singles_ID51_ID0000060.meta,/mnt/poseidon-data/poseidon/workflows/pycbc/search/poseidon/submit/poseidon/pegasus/pycbc-search/run0080/00/03/plot_hist_ID52_ID0000058.meta,/mnt/poseidon-data/poseidon/workflows/pycbc/search/poseidon/submit/poseidon/pegasus/pycbc-search/run0080/00/03/plot_hist_ID52_ID0000062.meta,/mnt/poseidon-data/poseidon/workflows/pycbc/search/poseidon/submit/poseidon/pegasus/pycbc-search/run0080/00/03/hdfinjfind_ID149_ID0000158.meta,/mnt/poseidon-data/poseidon/workflows/pycbc/search/poseidon/submit/poseidon/pegasus/pycbc-search/run0080/00/03/plot_snrchi_ID48_ID0000049.meta,/mnt/poseidon-data/poseidon/workflows/pycbc/search/poseidon/submit/poseidon/pegasus/pycbc-search/run0080/00/03/plot_hist_ID52_ID0000054.meta,/mnt/poseidon-data/poseidon/workflows/pycbc/search/poseidon/submit/poseidon/pegasus/pycbc-search/run0080/00/03/plot_snrchi_ID48_ID0000051.meta,/mnt/poseidon-data/poseidon/workflows/pycbc/search/poseidon/submit/poseidon/pegasus/pycbc-search/run0080/00/03/plot_binnedhist_ID54_ID0000055.meta --insert /mnt/poseidon-data/poseidon/workflows/pycbc/search/poseidon/submit/poseidon/pegasus/pycbc-search/run0080/00/03/register_condorpool_11_1.in",2.9,0,0,,,,,,,,,
single_template_ID13_ID0000030_pegasus-plan_ID0000174,None,compute,0,1715231314.0,,,1715231319.0,1715231338.0,1715231367.0,66441346.5,1715231337.0,1715231425.0,1715231416.0,1715231418.0,3432533.0,1715231425.0,1715231430.0,5.0,,18.0,88.0,5.0,29.0,1509423236.0,2.0,9945232.0,poseidon,condorpool,poseidon-worker-1-container-36-39,single_template_ID13,/usr/local/bin/pycbc_single_template,,36.1,0,0,0.0,805816112.0,2325239.0,5742.0,74.0,29.0,6.1,10072701.4,116261.9
plot_trigger_timeseries_ID5_ID0000007_pegasus-plan_ID0000174,cpu_2,compute,0,1715231314.0,,,1715231319.0,1715231338.0,1715231367.0,60830924.9,1715231337.0,1715231385.0,1715231375.0,1715231378.0,7527.0,1715231385.0,1715231390.0,5.0,,18.0,48.0,5.0,29.0,1384342839.0,3.0,21844.0,poseidon,condorpool,poseidon-worker-2-container-40-43,plot_trigger_timeseries_ID5,/usr/local/bin/pycbc_plot_trigger_timeseries,,2.8,0,0,,,,,,,,,
plot_trigger_timeseries_ID5_ID0000006_pegasus-plan_ID0000174,None,compute,0,1715231314.0,,,1715231319.0,1715231338.0,1715231364.0,70578420.2,1715231337.0,1715231385.0,1715231372.0,1715231375.0,6742.0,1715231385.0,1715231390.0,5.0,,18.0,48.0,5.0,26.0,1384342839.0,3.0,18479.0,poseidon,condorpool,poseidon-worker-1-container-40-43,plot_trigger_timeseries_ID5,/usr/local/bin/pycbc_plot_trigger_timeseries,,3.3,0,0,,,,,,,,,
single_template_ID13_ID0000036_pegasus-plan_ID0000174,cpu_2,compute,0,1715231314.0,,,1715231319.0,1715231338.0,1715231374.0,51316385.7,1715231337.0,1715231425.0,1715231412.0,1715231415.0,3447209.0,1715231425.0,1715231430.0,5.0,,18.0,88.0,5.0,36.0,1509423236.0,3.0,9945232.0,poseidon,condorpool,poseidon-worker-2-container-44-47,single_template_ID13,/usr/local/bin/pycbc_single_template,,33.3,0,0,0.0,803189719.0,28470.0,4888.0,27.0,25.6,4.1,13386495.3,2847.0
single_template_ID13_ID0000016_pegasus-plan_ID0000174,cpu_2,compute,0,1715231314.0,,,1715231319.0,1715231338.0,1715231367.0,63712584.7,1715231337.0,1715231425.0,1715231413.0,1715231416.0,3451011.0,1715231425.0,1715231430.0,5.0,,18.0,88.0,5.0,29.0,1488846737.0,3.0,9945232.0,poseidon,condorpool,poseidon-worker-2-container-16-19,single_template_ID13,/usr/local/bin/pycbc_single_template,,33.3,0,0,0.0,694349720.0,11434513.0,6137.0,98.0,27.4,5.5,8679371.5,381150.4
single_template_ID13_ID0000038_pegasus-plan_ID0000174,None,compute,0,1715231314.0,,,1715231319.0,1715231338.0,1715231368.0,63171330.7,1715231337.0,1715231415.0,1715231406.0,1715231409.0,3468877.0,1715231415.0,1715231420.0,5.0,,18.0,78.0,5.0,30.0,1485694215.0,3.0,9945232.0,poseidon,condorpool,poseidon-worker-1-container-32-35,single_template_ID13,/usr/local/bin/pycbc_single_template,,33.2,0,0,0.1,660823848.0,28470.0,4905.0,27.0,24.3,5.5,11013730.8,2847.0
single_template_ID13_ID0000014_pegasus-plan_ID0000174,None,compute,0,1715231314.0,,,1715231319.0,1715231338.0,1715231371.0,55477583.8,1715231337.0,1715231430.0,1715231418.0,1715231421.0,3455811.0,1715231430.0,1715231435.0,5.0,,18.0,93.0,5.0,33.0,1485694215.0,3.0,9945232.0,poseidon,condorpool,poseidon-worker-1-container-0-3,single_template_ID13,/usr/local/bin/pycbc_single_template,,34.2,0,0,0.0,664563201.0,3373815.0,6073.0,90.0,27.0,6.0,8307040.0,112460.5
page_snglinfo_ID2_ID0000005_pegasus-plan_ID0000174,None,compute,0,1715231314.0,,,1715231319.0,1715231338.0,1715231372.0,49043604.8,1715231337.0,1715231390.0,1715231382.0,1715231385.0,1323.0,1715231390.0,1715231395.0,5.0,,18.0,53.0,5.0,34.0,1381360825.0,3.0,3614.0,poseidon,condorpool,poseidon-worker-1-container-44-47,page_snglinfo_ID2,/usr/local/bin/pycbc_page_snglinfo,,3.2,0,0,,,,,,,,,
single_template_ID13_ID0000024_pegasus-plan_ID0000174,None,compute,0,1715231314.0,,,1715231319.0,1715231338.0,1715231372.0,52960375.0,1715231337.0,1715231430.0,1715231418.0,1715231421.0,3469575.0,1715231430.0,1715231435.0,5.0,,18.0,93.0,5.0,34.0,1509423236.0,3.0,9945232.0,poseidon,condorpool,poseidon-worker-2-container-0-3,single_template_ID13,/usr/local/bin/pycbc_single_template,,33.6,0,0,0.0,817810447.0,7240201.0,6068.0,97.0,28.2,4.6,10222630.6,241340.0
page_injinfo_ID0_ID0000001_pegasus-plan_ID0000174,None,compute,0,1715231314.0,,,1715231319.0,1715231338.0,1715231364.0,68452253.6,1715231337.0,1715231385.0,1715231372.0,1715231375.0,1178.0,1715231385.0,1715231390.0,5.0,,18.0,48.0,5.0,26.0,1379983284.0,3.0,3241.0,poseidon,condorpool,poseidon-worker-1-container-24-27,page_injinfo_ID0,/usr/local/bin/pycbc_page_injinfo,,2.7,0,0,,,,,,,,,
plot_singles_timefreq_ID7_ID0000010_pegasus-plan_ID0000174,None,compute,0,1715231314.0,,,1715231319.0,1715231338.0,1715231364.0,76536537.6,1715231337.0,1715231400.0,1715231386.0,1715231389.0,139398.0,1715231400.0,1715231405.0,5.0,,18.0,63.0,5.0,26.0,1490233471.0,3.0,386964.0,poseidon,condorpool,poseidon-worker-2-container-20-23,plot_singles_timefreq_ID7,/usr/local/bin/pycbc_plot_singles_timefreq,,17.3,0,0,0.0,689855295.0,63552.0,8668.0,45.0,12.4,2.5,22995176.5,3177.6
page_coincinfo_ID1_ID0000002_pegasus-plan_ID0000174,None,compute,0,1715231314.0,,,1715231319.0,1715231338.0,1715231363.0,74794703.6,1715231337.0,1715231380.0,1715231372.0,1715231374.0,2364.0,1715231380.0,1715231385.0,5.0,,18.0,43.0,5.0,25.0,1384478353.0,2.0,6430.0,poseidon,condorpool,poseidon-worker-1-container-20-23,page_coincinfo_ID1,/usr/local/bin/pycbc_page_coincinfo,,3.0,0,0,,,,,,,,,
plot_qscan_ID8_ID0000009_pegasus-plan_ID0000174,None,compute,0,1715231314.0,,,1715231319.0,1715231338.0,1715231374.0,48850159.1,1715231337.0,1715231410.0,1715231397.0,1715231400.0,95143.0,1715231410.0,1715231415.0,5.0,,18.0,73.0,5.0,36.0,1485690844.0,3.0,262712.0,poseidon,condorpool,poseidon-worker-1-container-16-19,plot_qscan_ID8,/usr/local/bin/pycbc_plot_qscan,,17.2,0,0,0.1,670148716.0,63732.0,8288.0,46.0,12.4,2.4,22338290.5,3186.6
single_template_ID13_ID0000044_pegasus-plan_ID0000174,None,compute,0,1715231314.0,,,1715231319.0,1715231338.0,1715231371.0,55970991.4,1715231337.0,1715231420.0,1715231410.0,1715231413.0,3428402.0,1715231420.0,1715231425.0,5.0,,18.0,83.0,5.0,33.0,1485694215.0,3.0,9945232.0,poseidon,condorpool,poseidon-worker-2-container-36-39,single_template_ID13,/usr/local/bin/pycbc_single_template,,33.1,0,0,0.1,660788084.0,28470.0,4823.0,27.0,24.2,5.6,11013134.7,2847.0
single_template_ID13_ID0000022_pegasus-plan_ID0000174,None,compute,0,1715231314.0,,,1715231319.0,1715231338.0,1715231373.0,50528310.4,1715231337.0,1715231430.0,1715231420.0,1715231423.0,3448352.0,1715231430.0,1715231435.0,5.0,,18.0,93.0,5.0,35.0,1488846737.0,3.0,9945232.0,poseidon,condorpool,poseidon-worker-2-container-32-35,single_template_ID13,/usr/local/bin/pycbc_single_template,,34.2,0,0,0.1,683498936.0,3439351.0,5992.0,91.0,27.4,5.6,8543736.7,114645.0
single_template_ID13_ID0000046_pegasus-plan_ID0000174,None,compute,0,1715231314.0,,,1715231319.0,1715231338.0,1715231365.0,71584712.1,1715231337.0,1715231415.0,1715231402.0,1715231405.0,3463786.0,1715231415.0,1715231420.0,5.0,,18.0,78.0,5.0,27.0,1488846737.0,3.0,9945232.0,poseidon,condorpool,poseidon-worker-2-container-4-7,single_template_ID13,/usr/local/bin/pycbc_single_template,,32.2,0,0,0.0,679700342.0,28470.0,4819.0,27.0,25.7,4.2,11328339.0,2847.0
page_snglinfo_ID2_ID0000004_pegasus-plan_ID0000174,None,compute,0,1715231314.0,,,1715231319.0,1715231338.0,1715231356.0,123935787.2,1715231337.0,1715231375.0,1715231364.0,1715231367.0,1287.0,1715231375.0,1715231380.0,5.0,,18.0,38.0,5.0,18.0,1381334221.0,3.0,3612.0,poseidon,condorpool,poseidon-worker-2-container-28-31,page_snglinfo_ID2,/usr/local/bin/pycbc_page_snglinfo,,3.0,0,0,,,,,,,,,
single_template_ID13_ID0000048_pegasus-plan_ID0000174,cpu_2,compute,0,1715231314.0,,,1715231319.0,1715231338.0,1715231358.0,106972248.1,1715231337.0,1715231410.0,1715231398.0,1715231401.0,3456594.0,1715231410.0,1715231415.0,5.0,,18.0,73.0,5.0,20.0,1509423236.0,3.0,9945232.0,poseidon,condorpool,poseidon-worker-2-container-12-15,single_template_ID13,/usr/local/bin/pycbc_single_template,,34.2,0,0,0.0,803159360.0,28470.0,4822.0,27.0,24.6,5.3,13385989.3,2847.0
single_template_ID13_ID0000026_pegasus-plan_ID0000174,cpu_2,compute,0,1715231314.0,,,1715231319.0,1715231338.0,1715231375.0,48437345.8,1715231337.0,1715231430.0,1715231421.0,1715231423.0,3467398.0,1715231430.0,1715231435.0,5.0,,18.0,93.0,5.0,37.0,1485694215.0,2.0,9945232.0,poseidon,condorpool,poseidon-worker-2-container-8-11,single_template_ID13,/usr/local/bin/pycbc_single_template,,33.5,0,0,0.0,675433585.0,7240201.0,6064.0,97.0,27.3,5.6,8442919.8,241340.0
single_template_ID13_ID0000028_pegasus-plan_ID0000174,None,compute,0,1715231314.0,,,1715231319.0,1715231338.0,1715231368.0,62195376.1,1715231337.0,1715231425.0,1715231414.0,1715231417.0,3454823.0,1715231425.0,1715231430.0,5.0,,18.0,88.0,5.0,30.0,1488846737.0,3.0,9945232.0,poseidon,condorpool,poseidon-worker-1-container-12-15,single_template_ID13,/usr/local/bin/pycbc_single_template,,33.1,0,0,0.1,694349752.0,11434513.0,6154.0,98.0,28.5,4.3,8679371.9,381150.4
plot_singles_timefreq_ID7_ID0000012_pegasus-plan_ID0000174,None,compute,0,1715231314.0,,,1715231319.0,1715231338.0,1715231368.0,62015102.7,1715231337.0,1715231405.0,1715231392.0,1715231395.0,139941.0,1715231405.0,1715231410.0,5.0,,18.0,68.0,5.0,30.0,1510836574.0,3.0,386369.0,poseidon,condorpool,poseidon-worker-1-container-28-31,plot_singles_timefreq_ID7,/usr/local/bin/pycbc_plot_singles_timefreq,,18.3,0,0,0.1,812877801.0,63460.0,8381.0,43.0,12.5,2.4,27095926.7,3173.0
single_template_ID13_ID0000034_pegasus-plan_ID0000174,None,compute,0,1715231314.0,,,1715231319.0,1715231338.0,1715231373.0,52444007.7,1715231337.0,1715231420.0,1715231409.0,1715231412.0,3459913.0,1715231420.0,1715231425.0,5.0,,18.0,83.0,5.0,35.0,1488846737.0,3.0,9945232.0,poseidon,condorpool,poseidon-worker-1-container-8-11,single_template_ID13,/usr/local/bin/pycbc_single_template,,31.2,0,0,0.1,679730650.0,28470.0,4888.0,27.0,25.5,4.2,11328844.2,2847.0
plot_singles_timefreq_ID7_ID0000008_pegasus-plan_ID0000174,None,compute,0,1715231314.0,,,1715231319.0,1715231336.0,1715231366.0,62173335.3,1715231336.0,1715231400.0,1715231389.0,1715231392.0,138432.0,1715231400.0,1715231405.0,5.0,,17.0,64.0,5.0,30.0,1487256011.0,3.0,382976.0,poseidon,condorpool,poseidon-worker-1-container-44-47,plot_singles_timefreq_ID7,/usr/local/bin/pycbc_plot_singles_timefreq,,16.9,0,0,0.1,671050741.0,63552.0,8778.0,45.0,12.6,2.3,22368358.0,3177.6
plot_qscan_ID8_ID0000013_pegasus-plan_ID0000174,None,compute,0,1715231314.0,,,1715231319.0,1715231337.0,1715231360.0,90042440.9,1715231336.0,1715231395.0,1715231385.0,1715231387.0,106374.0,1715231395.0,1715231400.0,5.0,,17.0,59.0,5.0,23.0,1509419865.0,2.0,295160.0,poseidon,condorpool,poseidon-worker-1-container-8-11,plot_qscan_ID8,/usr/local/bin/pycbc_plot_qscan,,18.2,0,0,0.1,812427668.0,63205.0,8276.0,37.0,12.6,2.3,27080922.3,3160.2
single_template_ID13_ID0000018_pegasus-plan_ID0000174,cpu_2,compute,0,1715231314.0,,,1715231319.0,1715231336.0,1715231364.0,72716440.7,1715231336.0,1715231420.0,1715231410.0,1715231413.0,3449239.0,1715231420.0,1715231425.0,5.0,,17.0,84.0,5.0,28.0,1509423236.0,3.0,9945232.0,poseidon,condorpool,poseidon-worker-2-container-40-43,single_template_ID13,/usr/local/bin/pycbc_single_template,,33.7,0,0,0.1,814351364.0,7240201.0,6201.0,97.0,28.4,4.4,10179392.0,241340.0
single_template_ID13_ID0000032_pegasus-plan_ID0000174,None,compute,0,1715231314.0,,,1715231319.0,1715231337.0,1715231364.0,72495906.4,1715231337.0,1715231415.0,1715231403.0,1715231405.0,3480659.0,1715231415.0,1715231420.0,5.0,,18.0,78.0,5.0,27.0,1485694215.0,2.0,9945232.0,poseidon,condorpool,poseidon-worker-1-container-24-27,single_template_ID13,/usr/local/bin/pycbc_single_template,,33.2,0,0,0.0,660816923.0,28470.0,4891.0,27.0,24.1,5.8,11013615.4,2847.0
plot_qscan_ID8_ID0000011_pegasus-plan_ID0000174,None,compute,0,1715231314.0,,,1715231319.0,1715231335.0,1715231364.0,64756595.7,1715231334.0,1715231395.0,1715231386.0,1715231389.0,92515.0,1715231395.0,1715231400.0,5.0,,15.0,61.0,5.0,29.0,1488843366.0,3.0,259045.0,poseidon,condorpool,poseidon-worker-1-container-32-35,plot_qscan_ID8,/usr/local/bin/pycbc_plot_qscan,,17.0,0,0,0.0,689096832.0,63732.0,8365.0,46.0,12.4,2.5,22969894.4,3186.6
single_template_ID13_ID0000020_pegasus-plan_ID0000174,cpu_2,compute,0,1715231314.0,,,1715231319.0,1715231334.0,1715231358.0,84840497.9,1715231333.0,1715231415.0,1715231404.0,1715231407.0,3441939.0,1715231415.0,1715231420.0,5.0,,14.0,82.0,5.0,24.0,1485694215.0,3.0,9945232.0,poseidon,condorpool,poseidon-worker-2-container-44-47,single_template_ID13,/usr/local/bin/pycbc_single_template,,33.1,0,0,0.1,671970252.0,7240201.0,6093.0,97.0,26.2,5.8,8399628.2,241340.0
single_template_ID13_ID0000042_pegasus-plan_ID0000174,None,compute,0,1715231314.0,,,1715231319.0,1715231333.0,1715231358.0,84772119.0,1715231333.0,1715231410.0,1715231398.0,1715231401.0,3458732.0,1715231410.0,1715231415.0,5.0,,14.0,77.0,5.0,25.0,1509423236.0,3.0,9945232.0,poseidon,condorpool,poseidon-worker-1-container-28-31,single_template_ID13,/usr/local/bin/pycbc_single_template,,35.0,0,0,0.1,803175049.0,9972174.0,4858.0,58.0,28.9,6.0,11473929.3,498608.7
single_template_ID13_ID0000040_pegasus-plan_ID0000174,None,compute,0,1715231314.0,,,1715231319.0,1715231332.0,1715231352.0,105317668.3,1715231331.0,1715231400.0,1715231390.0,1715231393.0,3475596.0,1715231400.0,1715231405.0,5.0,,12.0,69.0,5.0,20.0,1488846737.0,3.0,9945232.0,poseidon,condorpool,poseidon-worker-1-container-0-3,single_template_ID13,/usr/local/bin/pycbc_single_template,,32.0,0,0,0.1,679718468.0,28470.0,4855.0,27.0,25.4,4.5,11328641.1,2847.0
page_snglinfo_ID2_ID0000003_pegasus-plan_ID0000174,cpu_2,compute,0,1715231314.0,,,1715231319.0,1715231325.0,1715231341.0,140739407.3,1715231324.0,1715231360.0,1715231350.0,1715231352.0,1300.0,1715231360.0,1715231365.0,5.0,,5.0,36.0,5.0,16.0,1381509283.0,2.0,3614.0,poseidon,condorpool,poseidon-worker-2-container-44-47,page_snglinfo_ID2,/usr/local/bin/pycbc_page_snglinfo,,3.1,0,0,,,,,,,,,
register_condorpool_11_0,None,auxiliary,0,1715231318.0,,,1715231329.0,,,0.0,1715231330.0,1715231334.0,,,0.0,1715231334.0,1715231339.0,11.0,,1.0,4.0,5.0,,,,,poseidon,local,poseidon-submit,pegasus::rc-client,/mnt/poseidon-data/poseidon/pegasus-5.1.0panorama/bin/pegasus-rc-client,"pegasus-kickstart  -n pegasus::rc-client -N null -R local  -L pycbc-search -T 2024-03-27T21:26:08+00:00 /home/poseidon/pegasus-5.1.0panorama/bin/pegasus-rc-client --prefix pegasus.catalog.replica.output --conf /mnt/poseidon-data/poseidon/workflows/pycbc/search/poseidon/submit/poseidon/pegasus/pycbc-search/run0080/pegasus.17582139319119171220.properties -v --meta /mnt/poseidon-data/poseidon/workflows/pycbc/search/poseidon/submit/poseidon/pegasus/pycbc-search/run0080/00/03/plot_hist_ID52_ID0000061.meta,/mnt/poseidon-data/poseidon/workflows/pycbc/search/poseidon/submit/poseidon/pegasus/pycbc-search/run0080/00/03/plot_singles_ID51_ID0000052.meta,/mnt/poseidon-data/poseidon/workflows/pycbc/search/poseidon/submit/poseidon/pegasus/pycbc-search/run0080/00/03/plot_binnedhist_ID54_ID0000063.meta,/mnt/poseidon-data/poseidon/workflows/pycbc/search/poseidon/submit/poseidon/pegasus/pycbc-search/run0080/00/03/plot_snrchi_ID48_ID0000050.meta,/mnt/poseidon-data/poseidon/workflows/pycbc/search/poseidon/submit/poseidon/pegasus/pycbc-search/run0080/00/03/plot_singles_ID51_ID0000056.meta,/mnt/poseidon-data/poseidon/workflows/pycbc/search/poseidon/submit/poseidon/pegasus/pycbc-search/run0080/00/03/plot_binnedhist_ID54_ID0000059.meta,/mnt/poseidon-data/poseidon/workflows/pycbc/search/poseidon/submit/poseidon/pegasus/pycbc-search/run0080/00/03/hdfinjfind_ID149_ID0000159.meta,/mnt/poseidon-data/poseidon/workflows/pycbc/search/poseidon/submit/poseidon/pegasus/pycbc-search/run0080/00/03/plot_hist_ID52_ID0000057.meta,/mnt/poseidon-data/poseidon/workflows/pycbc/search/poseidon/submit/poseidon/pegasus/pycbc-search/run0080/00/03/plot_hist_ID52_ID0000053.meta --insert /mnt/poseidon-data/poseidon/workflows/pycbc/search/poseidon/submit/poseidon/pegasus/pycbc-search/run0080/00/03/register_condorpool_11_0.in",3.0,0,0,,,,,,,,,
stage_out_local_condorpool_12_2,None,transfer,0,1715231349.0,,,1715231354.0,,,0.0,1715231354.0,1715231369.0,1715231355.0,1715231359.0,101805.0,1715231369.0,1715231374.0,5.0,,0.0,15.0,5.0,,,4.0,410374.0,poseidon,local,poseidon-submit,pegasus::transfer,/mnt/poseidon-data/poseidon/pegasus-5.1.0panorama/bin/pegasus-transfer,pegasus-kickstart  -n pegasus::transfer -N null -i - -R local  -L pycbc-search -T 2024-03-27T21:26:08+00:00 pegasus-transfer  --threads 2,0.8,0,0,,,,,,,,,
stage_out_local_condorpool_12_1,None,transfer,0,1715231349.0,,,1715231354.0,,,0.0,1715231354.0,1715231369.0,1715231355.0,1715231359.0,100782.0,1715231369.0,1715231374.0,5.0,,0.0,15.0,5.0,,,4.0,405905.0,poseidon,local,poseidon-submit,pegasus::transfer,/mnt/poseidon-data/poseidon/pegasus-5.1.0panorama/bin/pegasus-transfer,pegasus-kickstart  -n pegasus::transfer -N null -i - -R local  -L pycbc-search -T 2024-03-27T21:26:08+00:00 pegasus-transfer  --threads 2,0.8,0,0,,,,,,,,,
stage_out_local_condorpool_12_0,None,transfer,0,1715231359.0,,,1715231364.0,,,0.0,1715231364.0,1715231374.0,1715231364.0,1715231368.0,174791.0,1715231374.0,1715231379.0,5.0,,0.0,10.0,5.0,,,4.0,704277.0,poseidon,local,poseidon-submit,pegasus::transfer,/mnt/poseidon-data/poseidon/pegasus-5.1.0panorama/bin/pegasus-transfer,pegasus-kickstart  -n pegasus::transfer -N null -i - -R local  -L pycbc-search -T 2024-03-27T21:26:08+00:00 pegasus-transfer  --threads 2,0.8,0,0,,,,,,,,,
stage_out_local_condorpool_1_0_pegasus-plan_ID0000084,None,transfer,0,1715231359.0,,,1715231364.0,,,0.0,1715231364.0,1715231374.0,1715231365.0,1715231369.0,89870.0,1715231374.0,1715231379.0,5.0,,0.0,10.0,5.0,,,4.0,361900.0,poseidon,local,poseidon-submit,pegasus::transfer,/mnt/poseidon-data/poseidon/pegasus-5.1.0panorama/bin/pegasus-transfer,/home/poseidon/pegasus-5.1.0panorama/bin/../bin/pegasus-kickstart  -n pegasus::transfer -N null -i - -R local  -L H1L1V1-FOREGROUND_MINIFOLLOWUP_FULL_DATA_BACKGROUND-1186740100-3400 -T 2024-03-13T22:37:56+00:00 /home/poseidon/pegasus-5.1.0panorama/bin/../bin/pegasus-transfer  --threads 2,0.5,0,0,,,,,,,,,
stage_out_local_condorpool_1_0_pegasus-plan_ID0000082,None,transfer,0,1715231359.0,,,1715231364.0,,,0.0,1715231364.0,1715231374.0,1715231365.0,1715231369.0,79619.0,1715231374.0,1715231379.0,5.0,,0.0,10.0,5.0,,,4.0,320654.0,poseidon,local,poseidon-submit,pegasus::transfer,/mnt/poseidon-data/poseidon/pegasus-5.1.0panorama/bin/pegasus-transfer,/home/poseidon/pegasus-5.1.0panorama/bin/../bin/pegasus-kickstart  -n pegasus::transfer -N null -i - -R local  -L H1L1V1-FOREGROUND_MINIFOLLOWUP_FULL_DATA_FOREGROUND-1186740100-3400 -T 2024-03-13T22:37:56+00:00 /home/poseidon/pegasus-5.1.0panorama/bin/../bin/pegasus-transfer  --threads 2,0.5,0,0,,,,,,,,,
register_condorpool_12_2,None,auxiliary,0,1715231374.0,,,1715231379.0,,,0.0,1715231379.0,1715231384.0,,,0.0,1715231384.0,1715231389.0,5.0,,0.0,5.0,5.0,,,,,poseidon,local,poseidon-submit,pegasus::rc-client,/mnt/poseidon-data/poseidon/pegasus-5.1.0panorama/bin/pegasus-rc-client,"pegasus-kickstart  -n pegasus::rc-client -N null -R local  -L pycbc-search -T 2024-03-27T21:26:08+00:00 /home/poseidon/pegasus-5.1.0panorama/bin/pegasus-rc-client --prefix pegasus.catalog.replica.output --conf /mnt/poseidon-data/poseidon/workflows/pycbc/search/poseidon/submit/poseidon/pegasus/pycbc-search/run0080/pegasus.17582139319119171220.properties -v --meta /mnt/poseidon-data/poseidon/workflows/pycbc/search/poseidon/submit/poseidon/pegasus/pycbc-search/run0080/00/03/page_injections_ID153_ID0000162.meta,/mnt/poseidon-data/poseidon/workflows/pycbc/search/poseidon/submit/poseidon/pegasus/pycbc-search/run0080/00/04/plot_coinc_snrchi_ID155_ID0000169.meta,/mnt/poseidon-data/poseidon/workflows/pycbc/search/poseidon/submit/poseidon/pegasus/pycbc-search/run0080/00/04/plot_sensitivity_ID166_ID0000176.meta,/mnt/poseidon-data/poseidon/workflows/pycbc/search/poseidon/submit/poseidon/pegasus/pycbc-search/run0080/00/03/plot_foundmissed_ID151_ID0000160.meta,/mnt/poseidon-data/poseidon/workflows/pycbc/search/poseidon/submit/poseidon/pegasus/pycbc-search/run0080/00/03/plot_coinc_snrchi_ID155_ID0000165.meta,/mnt/poseidon-data/poseidon/workflows/pycbc/search/poseidon/submit/poseidon/pegasus/pycbc-search/run0080/00/04/plot_sensitivity_ID166_ID0000181.meta,/mnt/poseidon-data/poseidon/workflows/pycbc/search/poseidon/submit/poseidon/pegasus/pycbc-search/run0080/00/04/plot_foundmissed_ID151_ID0000178.meta --insert /mnt/poseidon-data/poseidon/workflows/pycbc/search/poseidon/submit/poseidon/pegasus/pycbc-search/run0080/00/04/register_condorpool_12_2.in",2.9,0,0,,,,,,,,,
register_condorpool_12_1,None,auxiliary,0,1715231374.0,,,1715231399.0,,,0.0,1715231399.0,1715231404.0,,,0.0,1715231404.0,1715231409.0,25.0,,0.0,5.0,5.0,,,,,poseidon,local,poseidon-submit,pegasus::rc-client,/mnt/poseidon-data/poseidon/pegasus-5.1.0panorama/bin/pegasus-rc-client,"pegasus-kickstart  -n pegasus::rc-client -N null -R local  -L pycbc-search -T 2024-03-27T21:26:08+00:00 /home/poseidon/pegasus-5.1.0panorama/bin/pegasus-rc-client --prefix pegasus.catalog.replica.output --conf /mnt/poseidon-data/poseidon/workflows/pycbc/search/poseidon/submit/poseidon/pegasus/pycbc-search/run0080/pegasus.17582139319119171220.properties -v --meta /mnt/poseidon-data/poseidon/workflows/pycbc/search/poseidon/submit/poseidon/pegasus/pycbc-search/run0080/00/04/plot_sensitivity_ID166_ID0000177.meta,/mnt/poseidon-data/poseidon/workflows/pycbc/search/poseidon/submit/poseidon/pegasus/pycbc-search/run0080/00/03/plot_foundmissed_ID151_ID0000161.meta,/mnt/poseidon-data/poseidon/workflows/pycbc/search/poseidon/submit/poseidon/pegasus/pycbc-search/run0080/00/03/plot_coinc_snrchi_ID155_ID0000166.meta,/mnt/poseidon-data/poseidon/workflows/pycbc/search/poseidon/submit/poseidon/pegasus/pycbc-search/run0080/00/03/page_injections_ID153_ID0000163.meta,/mnt/poseidon-data/poseidon/workflows/pycbc/search/poseidon/submit/poseidon/pegasus/pycbc-search/run0080/00/04/plot_coinc_snrchi_ID155_ID0000171.meta,/mnt/poseidon-data/poseidon/workflows/pycbc/search/poseidon/submit/poseidon/pegasus/pycbc-search/run0080/00/04/plot_sensitivity_ID166_ID0000180.meta,/mnt/poseidon-data/poseidon/workflows/pycbc/search/poseidon/submit/poseidon/pegasus/pycbc-search/run0080/00/04/plot_foundmissed_ID151_ID0000182.meta --insert /mnt/poseidon-data/poseidon/workflows/pycbc/search/poseidon/submit/poseidon/pegasus/pycbc-search/run0080/00/04/register_condorpool_12_1.in",2.8,0,0,,,,,,,,,
register_condorpool_1_0_pegasus-plan_ID0000082,None,auxiliary,0,1715231379.0,,,1715231384.0,,,0.0,1715231384.0,1715231389.0,,,0.0,1715231389.0,1715231394.0,5.0,,0.0,5.0,5.0,,,,,poseidon,local,poseidon-submit,pegasus::rc-client,/mnt/poseidon-data/poseidon/pegasus-5.1.0panorama/bin/pegasus-rc-client,"-n pegasus::rc-client -N null -R local  -L H1L1V1-FOREGROUND_MINIFOLLOWUP_FULL_DATA_FOREGROUND-1186740100-3400 -T 2024-03-13T22:37:56+00:00 /home/poseidon/pegasus-5.1.0panorama/bin/pegasus-rc-client --prefix pegasus.catalog.replica.output --conf /mnt/poseidon-data/poseidon/workflows/pycbc/search/poseidon/submit/poseidon/pegasus/pycbc-search/run0080/00/03/./H1L1V1-FOREGROUND_MINIFOLLOWUP_FULL_DATA_FOREGROUND-1186740100-3400.dax_ID0000082.000/pegasus.17882079632088287046.properties -v --meta /mnt/poseidon-data/poseidon/workflows/pycbc/search/poseidon/submit/poseidon/pegasus/pycbc-search/run0080/00/03/./H1L1V1-FOREGROUND_MINIFOLLOWUP_FULL_DATA_FOREGROUND-1186740100-3400.dax_ID0000082.000/00/00/single_template_plot_ID4_ID0000009.meta,/mnt/poseidon-data/poseidon/workflows/pycbc/search/poseidon/submit/poseidon/pegasus/pycbc-search/run0080/00/03/./H1L1V1-FOREGROUND_MINIFOLLOWUP_FULL_DATA_FOREGROUND-1186740100-3400.dax_ID0000082.000/00/00/single_template_plot_ID4_ID0000005.meta,/mnt/poseidon-data/poseidon/workflows/pycbc/search/poseidon/submit/poseidon/pegasus/pycbc-search/run0080/00/03/./H1L1V1-FOREGROUND_MINIFOLLOWUP_FULL_DATA_FOREGROUND-1186740100-3400.dax_ID0000082.000/00/00/single_template_plot_ID4_ID0000007.meta --insert /mnt/poseidon-data/poseidon/workflows/pycbc/search/poseidon/submit/poseidon/pegasus/pycbc-search/run0080/00/03/./H1L1V1-FOREGROUND_MINIFOLLOWUP_FULL_DATA_FOREGROUND-1186740100-3400.dax_ID0000082.000/00/00/register_condorpool_1_0.in",2.7,0,0,,,,,,,,,
register_condorpool_1_0_pegasus-plan_ID0000084,None,auxiliary,0,1715231379.0,,,1715231384.0,,,0.0,1715231385.0,1715231389.0,,,0.0,1715231389.0,1715231394.0,5.0,,1.0,4.0,5.0,,,,,poseidon,local,poseidon-submit,pegasus::rc-client,/mnt/poseidon-data/poseidon/pegasus-5.1.0panorama/bin/pegasus-rc-client,"-n pegasus::rc-client -N null -R local  -L H1L1V1-FOREGROUND_MINIFOLLOWUP_FULL_DATA_BACKGROUND-1186740100-3400 -T 2024-03-13T22:37:56+00:00 /home/poseidon/pegasus-5.1.0panorama/bin/pegasus-rc-client --prefix pegasus.catalog.replica.output --conf /mnt/poseidon-data/poseidon/workflows/pycbc/search/poseidon/submit/poseidon/pegasus/pycbc-search/run0080/00/03/./H1L1V1-FOREGROUND_MINIFOLLOWUP_FULL_DATA_BACKGROUND-1186740100-3400.dax_ID0000084.000/pegasus.12236841616526878410.properties -v --meta /mnt/poseidon-data/poseidon/workflows/pycbc/search/poseidon/submit/poseidon/pegasus/pycbc-search/run0080/00/03/./H1L1V1-FOREGROUND_MINIFOLLOWUP_FULL_DATA_BACKGROUND-1186740100-3400.dax_ID0000084.000/00/00/single_template_plot_ID4_ID0000009.meta,/mnt/poseidon-data/poseidon/workflows/pycbc/search/poseidon/submit/poseidon/pegasus/pycbc-search/run0080/00/03/./H1L1V1-FOREGROUND_MINIFOLLOWUP_FULL_DATA_BACKGROUND-1186740100-3400.dax_ID0000084.000/00/00/single_template_plot_ID4_ID0000005.meta,/mnt/poseidon-data/poseidon/workflows/pycbc/search/poseidon/submit/poseidon/pegasus/pycbc-search/run0080/00/03/./H1L1V1-FOREGROUND_MINIFOLLOWUP_FULL_DATA_BACKGROUND-1186740100-3400.dax_ID0000084.000/00/00/single_template_plot_ID4_ID0000007.meta --insert /mnt/poseidon-data/poseidon/workflows/pycbc/search/poseidon/submit/poseidon/pegasus/pycbc-search/run0080/00/03/./H1L1V1-FOREGROUND_MINIFOLLOWUP_FULL_DATA_BACKGROUND-1186740100-3400.dax_ID0000084.000/00/00/register_condorpool_1_0.in",2.7,0,0,,,,,,,,,
register_condorpool_12_0,None,auxiliary,0,1715231379.0,,,1715231389.0,,,0.0,1715231389.0,1715231394.0,,,0.0,1715231394.0,1715231399.0,10.0,,0.0,5.0,5.0,,,,,poseidon,local,poseidon-submit,pegasus::rc-client,/mnt/poseidon-data/poseidon/pegasus-5.1.0panorama/bin/pegasus-rc-client,"pegasus-kickstart  -n pegasus::rc-client -N null -R local  -L pycbc-search -T 2024-03-27T21:26:08+00:00 /home/poseidon/pegasus-5.1.0panorama/bin/pegasus-rc-client --prefix pegasus.catalog.replica.output --conf /mnt/poseidon-data/poseidon/workflows/pycbc/search/poseidon/submit/poseidon/pegasus/pycbc-search/run0080/pegasus.17582139319119171220.properties -v --meta /mnt/poseidon-data/poseidon/workflows/pycbc/search/poseidon/submit/poseidon/pegasus/pycbc-search/run0080/00/04/plot_coinc_snrchi_ID155_ID0000168.meta,/mnt/poseidon-data/poseidon/workflows/pycbc/search/poseidon/submit/poseidon/pegasus/pycbc-search/run0080/00/03/plot_coinc_snrchi_ID155_ID0000170.meta,/mnt/poseidon-data/poseidon/workflows/pycbc/search/poseidon/submit/poseidon/pegasus/pycbc-search/run0080/00/03/plot_coinc_snrchi_ID155_ID0000167.meta,/mnt/poseidon-data/poseidon/workflows/pycbc/search/poseidon/submit/poseidon/pegasus/pycbc-search/run0080/00/03/plot_coinc_snrchi_ID155_ID0000172.meta,/mnt/poseidon-data/poseidon/workflows/pycbc/search/poseidon/submit/poseidon/pegasus/pycbc-search/run0080/00/04/plot_foundmissed_ID151_ID0000183.meta,/mnt/poseidon-data/poseidon/workflows/pycbc/search/poseidon/submit/poseidon/pegasus/pycbc-search/run0080/00/03/plot_coinc_snrchi_ID155_ID0000164.meta,/mnt/poseidon-data/poseidon/workflows/pycbc/search/poseidon/submit/poseidon/pegasus/pycbc-search/run0080/00/04/plot_foundmissed_ID151_ID0000179.meta --insert /mnt/poseidon-data/poseidon/workflows/pycbc/search/poseidon/submit/poseidon/pegasus/pycbc-search/run0080/00/04/register_condorpool_12_0.in",2.8,0,0,,,,,,,,,
stage_out_local_condorpool_0_1_pegasus-plan_ID0000174,None,transfer,0,1715231395.0,,,1715231400.0,,,0.0,1715231401.0,1715231415.0,1715231401.0,1715231405.0,7132.0,1715231415.0,1715231420.0,5.0,,1.0,14.0,5.0,,,4.0,28699.0,poseidon,local,poseidon-submit,pegasus::transfer,/mnt/poseidon-data/poseidon/pegasus-5.1.0panorama/bin/pegasus-transfer,/home/poseidon/pegasus-5.1.0panorama/bin/../bin/pegasus-kickstart  -n pegasus::transfer -N null -i - -R local  -L H1L1V1-INJECTION_MINIFOLLOWUP_BBH-1186740100-3400 -T 2024-03-13T22:37:56+00:00 /home/poseidon/pegasus-5.1.0panorama/bin/../bin/pegasus-transfer  --threads 2,0.5,0,0,,,,,,,,,
stage_out_local_condorpool_0_3_pegasus-plan_ID0000174,None,transfer,0,1715231400.0,,,1715231405.0,,,0.0,1715231410.0,1715231420.0,1715231410.0,1715231414.0,74888.0,1715231420.0,1715231425.0,5.0,,5.0,10.0,5.0,,,4.0,301590.0,poseidon,local,poseidon-submit,pegasus::transfer,/mnt/poseidon-data/poseidon/pegasus-5.1.0panorama/bin/pegasus-transfer,/home/poseidon/pegasus-5.1.0panorama/bin/../bin/pegasus-kickstart  -n pegasus::transfer -N null -i - -R local  -L H1L1V1-INJECTION_MINIFOLLOWUP_BBH-1186740100-3400 -T 2024-03-13T22:37:56+00:00 /home/poseidon/pegasus-5.1.0panorama/bin/../bin/pegasus-transfer  --threads 2,0.4,0,0,,,,,,,,,
single_template_plot_ID14_ID0000041_pegasus-plan_ID0000174,None,compute,0,1715231405.0,,,1715231410.0,1715231411.0,1715231428.0,134239029.6,1715231411.0,1715231446.0,1715231437.0,1715231440.0,25463.0,1715231446.0,1715231451.0,5.0,,1.0,35.0,5.0,17.0,1389826192.0,3.0,82957.0,poseidon,condorpool,poseidon-worker-1-container-0-3,single_template_plot_ID14,/usr/local/bin/pycbc_single_template_plot,,2.9,0,0,,,,,,,,,
stage_out_local_condorpool_0_2_pegasus-plan_ID0000174,None,transfer,0,1715231405.0,,,1715231410.0,,,0.0,1715231411.0,1715231425.0,1715231411.0,1715231415.0,255369.0,1715231425.0,1715231430.0,5.0,,1.0,14.0,5.0,,,4.0,1028985.0,poseidon,local,poseidon-submit,pegasus::transfer,/mnt/poseidon-data/poseidon/pegasus-5.1.0panorama/bin/pegasus-transfer,/home/poseidon/pegasus-5.1.0panorama/bin/../bin/pegasus-kickstart  -n pegasus::transfer -N null -i - -R local  -L H1L1V1-INJECTION_MINIFOLLOWUP_BBH-1186740100-3400 -T 2024-03-13T22:37:56+00:00 /home/poseidon/pegasus-5.1.0panorama/bin/../bin/pegasus-transfer  --threads 2,0.5,0,0,,,,,,,,,
stage_out_local_condorpool_0_0_pegasus-plan_ID0000174,None,transfer,0,1715231415.0,,,1715231420.0,,,0.0,1715231420.0,1715231430.0,1715231420.0,1715231424.0,167592.0,1715231430.0,1715231435.0,5.0,,0.0,10.0,5.0,,,4.0,674786.0,poseidon,local,poseidon-submit,pegasus::transfer,/mnt/poseidon-data/poseidon/pegasus-5.1.0panorama/bin/pegasus-transfer,/home/poseidon/pegasus-5.1.0panorama/bin/../bin/pegasus-kickstart  -n pegasus::transfer -N null -i - -R local  -L H1L1V1-INJECTION_MINIFOLLOWUP_BBH-1186740100-3400 -T 2024-03-13T22:37:56+00:00 /home/poseidon/pegasus-5.1.0panorama/bin/../bin/pegasus-transfer  --threads 2,0.6,0,0,,,,,,,,,
single_template_plot_ID14_ID0000043_pegasus-plan_ID0000174,None,compute,0,1715231415.0,,,1715231420.0,1715231421.0,1715231437.0,128793108.6,1715231420.0,1715231456.0,1715231446.0,1715231448.0,34996.0,1715231456.0,1715231461.0,5.0,,0.0,36.0,5.0,16.0,1389826192.0,2.0,97669.0,poseidon,condorpool,poseidon-worker-1-container-28-31,single_template_plot_ID14,/usr/local/bin/pycbc_single_template_plot,,2.9,0,0,,,,,,,,,
single_template_plot_ID14_ID0000049_pegasus-plan_ID0000174,cpu_2,compute,0,1715231415.0,,,1715231420.0,1715231421.0,1715231437.0,135639265.6,1715231420.0,1715231456.0,1715231445.0,1715231448.0,35728.0,1715231456.0,1715231461.0,5.0,,0.0,36.0,5.0,16.0,1389826192.0,3.0,98619.0,poseidon,condorpool,poseidon-worker-2-container-40-43,single_template_plot_ID14,/usr/local/bin/pycbc_single_template_plot,,2.9,0,0,,,,,,,,,
single_template_plot_ID14_ID0000047_pegasus-plan_ID0000174,cpu_2,compute,0,1715231420.0,,,1715231425.0,1715231426.0,1715231443.0,128135007.2,1715231425.0,1715231461.0,1715231451.0,1715231454.0,30066.0,1715231461.0,1715231466.0,5.0,,0.0,36.0,5.0,17.0,1389826192.0,3.0,82377.0,poseidon,condorpool,poseidon-worker-2-container-44-47,single_template_plot_ID14,/usr/local/bin/pycbc_single_template_plot,,2.6,0,0,,,,,,,,,
single_template_plot_ID14_ID0000039_pegasus-plan_ID0000174,None,compute,0,1715231420.0,,,1715231425.0,1715231426.0,1715231443.0,134101016.0,1715231425.0,1715231461.0,1715231451.0,1715231454.0,29527.0,1715231461.0,1715231466.0,5.0,,0.0,36.0,5.0,17.0,1389826192.0,3.0,81460.0,poseidon,condorpool,poseidon-worker-2-container-36-39,single_template_plot_ID14,/usr/local/bin/pycbc_single_template_plot,,2.9,0,0,,,,,,,,,
single_template_plot_ID14_ID0000033_pegasus-plan_ID0000174,None,compute,0,1715231420.0,,,1715231425.0,1715231426.0,1715231444.0,115780074.6,1715231425.0,1715231461.0,1715231452.0,1715231455.0,30094.0,1715231461.0,1715231466.0,5.0,,0.0,36.0,5.0,18.0,1389826192.0,3.0,83030.0,poseidon,condorpool,poseidon-worker-1-container-28-31,single_template_plot_ID14,/usr/local/bin/pycbc_single_template_plot,,2.9,0,0,,,,,,,,,
single_template_plot_ID14_ID0000021_pegasus-plan_ID0000174,None,compute,0,1715231420.0,,,1715231425.0,1715231426.0,1715231443.0,135550259.2,1715231425.0,1715231461.0,1715231451.0,1715231454.0,30633.0,1715231461.0,1715231466.0,5.0,,0.0,36.0,5.0,17.0,1389826192.0,3.0,84557.0,poseidon,condorpool,poseidon-worker-1-container-8-11,single_template_plot_ID14,/usr/local/bin/pycbc_single_template_plot,,2.9,0,0,,,,,,,,,
single_template_plot_ID14_ID0000035_pegasus-plan_ID0000174,None,compute,0,1715231425.0,,,1715231430.0,1715231431.0,1715231448.0,134199534.4,1715231431.0,1715231466.0,1715231456.0,1715231459.0,30151.0,1715231466.0,1715231471.0,5.0,,1.0,35.0,5.0,17.0,1389826192.0,3.0,83353.0,poseidon,condorpool,poseidon-worker-2-container-0-3,single_template_plot_ID14,/usr/local/bin/pycbc_single_template_plot,,2.9,0,0,,,,,,,,,
single_template_plot_ID14_ID0000019_pegasus-plan_ID0000174,None,compute,0,1715231425.0,,,1715231430.0,1715231431.0,1715231448.0,133991977.2,1715231431.0,1715231466.0,1715231456.0,1715231459.0,35825.0,1715231466.0,1715231471.0,5.0,,1.0,35.0,5.0,17.0,1389826192.0,3.0,99476.0,poseidon,condorpool,poseidon-worker-2-container-4-7,single_template_plot_ID14,/usr/local/bin/pycbc_single_template_plot,,2.8,0,0,,,,,,,,,
single_template_plot_ID14_ID0000045_pegasus-plan_ID0000174,None,compute,0,1715231425.0,,,1715231430.0,1715231431.0,1715231448.0,133899995.0,1715231431.0,1715231466.0,1715231456.0,1715231459.0,29714.0,1715231466.0,1715231471.0,5.0,,1.0,35.0,5.0,17.0,1389826192.0,3.0,82219.0,poseidon,condorpool,poseidon-worker-1-container-24-27,single_template_plot_ID14,/usr/local/bin/pycbc_single_template_plot,,3.0,0,0,,,,,,,,,
single_template_plot_ID14_ID0000037_pegasus-plan_ID0000174,cpu_2,compute,0,1715231430.0,,,1715231435.0,1715231437.0,1715231453.0,135206977.4,1715231436.0,1715231471.0,1715231461.0,1715231464.0,35845.0,1715231471.0,1715231476.0,5.0,,1.0,35.0,5.0,16.0,1389826192.0,3.0,99192.0,poseidon,condorpool,poseidon-worker-2-container-8-11,single_template_plot_ID14,/usr/local/bin/pycbc_single_template_plot,,2.8,0,0,,,,,,,,,
single_template_plot_ID14_ID0000017_pegasus-plan_ID0000174,cpu_2,compute,0,1715231430.0,,,1715231435.0,1715231437.0,1715231453.0,134396220.4,1715231436.0,1715231471.0,1715231461.0,1715231464.0,29703.0,1715231471.0,1715231476.0,5.0,,1.0,35.0,5.0,16.0,1389826192.0,3.0,82129.0,poseidon,condorpool,poseidon-worker-2-container-16-19,single_template_plot_ID14,/usr/local/bin/pycbc_single_template_plot,,2.6,0,0,,,,,,,,,
single_template_plot_ID14_ID0000031_pegasus-plan_ID0000174,cpu_2,compute,0,1715231430.0,,,1715231435.0,1715231437.0,1715231453.0,143441853.4,1715231436.0,1715231471.0,1715231461.0,1715231464.0,52918.0,1715231471.0,1715231476.0,5.0,,1.0,35.0,5.0,16.0,1389826192.0,3.0,146024.0,poseidon,condorpool,poseidon-worker-2-container-44-47,single_template_plot_ID14,/usr/local/bin/pycbc_single_template_plot,,2.8,0,0,,,,,,,,,
single_template_plot_ID14_ID0000029_pegasus-plan_ID0000174,None,compute,0,1715231430.0,,,1715231435.0,1715231437.0,1715231454.0,131878986.2,1715231436.0,1715231471.0,1715231462.0,1715231465.0,51411.0,1715231471.0,1715231476.0,5.0,,1.0,35.0,5.0,17.0,1389826192.0,3.0,141428.0,poseidon,condorpool,poseidon-worker-1-container-36-39,single_template_plot_ID14,/usr/local/bin/pycbc_single_template_plot,,2.7,0,0,,,,,,,,,
register_condorpool_0_0_pegasus-plan_ID0000174,None,auxiliary,0,1715231435.0,,,1715231471.0,,,0.0,1715231471.0,1715231476.0,,,0.0,1715231476.0,1715231481.0,36.0,,0.0,5.0,5.0,,,,,poseidon,local,poseidon-submit,pegasus::rc-client,/mnt/poseidon-data/poseidon/pegasus-5.1.0panorama/bin/pegasus-rc-client,"-n pegasus::rc-client -N null -R local  -L H1L1V1-INJECTION_MINIFOLLOWUP_BBH-1186740100-3400 -T 2024-03-13T22:37:56+00:00 /home/poseidon/pegasus-5.1.0panorama/bin/pegasus-rc-client --prefix pegasus.catalog.replica.output --conf /mnt/poseidon-data/poseidon/workflows/pycbc/search/poseidon/submit/poseidon/pegasus/pycbc-search/run0080/00/04/./H1L1V1-INJECTION_MINIFOLLOWUP_BBH-1186740100-3400.dax_ID0000174.000/pegasus.11322928757362656739.properties -v --meta /mnt/poseidon-data/poseidon/workflows/pycbc/search/poseidon/submit/poseidon/pegasus/pycbc-search/run0080/00/04/./H1L1V1-INJECTION_MINIFOLLOWUP_BBH-1186740100-3400.dax_ID0000174.000/00/00/page_snglinfo_ID2_ID0000004.meta,/mnt/poseidon-data/poseidon/workflows/pycbc/search/poseidon/submit/poseidon/pegasus/pycbc-search/run0080/00/04/./H1L1V1-INJECTION_MINIFOLLOWUP_BBH-1186740100-3400.dax_ID0000174.000/00/00/single_template_ID13_ID0000032.meta,/mnt/poseidon-data/poseidon/workflows/pycbc/search/poseidon/submit/poseidon/pegasus/pycbc-search/run0080/00/04/./H1L1V1-INJECTION_MINIFOLLOWUP_BBH-1186740100-3400.dax_ID0000174.000/00/00/single_template_ID13_ID0000040.meta,/mnt/poseidon-data/poseidon/workflows/pycbc/search/poseidon/submit/poseidon/pegasus/pycbc-search/run0080/00/04/./H1L1V1-INJECTION_MINIFOLLOWUP_BBH-1186740100-3400.dax_ID0000174.000/00/00/page_snglinfo_ID2_ID0000003.meta,/mnt/poseidon-data/poseidon/workflows/pycbc/search/poseidon/submit/poseidon/pegasus/pycbc-search/run0080/00/04/./H1L1V1-INJECTION_MINIFOLLOWUP_BBH-1186740100-3400.dax_ID0000174.000/00/00/single_template_ID13_ID0000024.meta,/mnt/poseidon-data/poseidon/workflows/pycbc/search/poseidon/submit/poseidon/pegasus/pycbc-search/run0080/00/04/./H1L1V1-INJECTION_MINIFOLLOWUP_BBH-1186740100-3400.dax_ID0000174.000/00/00/plot_qscan_ID8_ID0000009.meta,/mnt/poseidon-data/poseidon/workflows/pycbc/search/poseidon/submit/poseidon/pegasus/pycbc-search/run0080/00/04/./H1L1V1-INJECTION_MINIFOLLOWUP_BBH-1186740100-3400.dax_ID0000174.000/00/00/plot_trigger_timeseries_ID5_ID0000006.meta,/mnt/poseidon-data/poseidon/workflows/pycbc/search/poseidon/submit/poseidon/pegasus/pycbc-search/run0080/00/04/./H1L1V1-INJECTION_MINIFOLLOWUP_BBH-1186740100-3400.dax_ID0000174.000/00/00/plot_singles_timefreq_ID7_ID0000012.meta --insert /mnt/poseidon-data/poseidon/workflows/pycbc/search/poseidon/submit/poseidon/pegasus/pycbc-search/run0080/00/04/./H1L1V1-INJECTION_MINIFOLLOWUP_BBH-1186740100-3400.dax_ID0000174.000/00/00/register_condorpool_0_0.in",3.0,0,0,,,,,,,,,
register_condorpool_0_3_pegasus-plan_ID0000174,None,auxiliary,0,1715231435.0,,,1715231461.0,,,0.0,1715231461.0,1715231466.0,,,0.0,1715231466.0,1715231471.0,26.0,,0.0,5.0,5.0,,,,,poseidon,local,poseidon-submit,pegasus::rc-client,/mnt/poseidon-data/poseidon/pegasus-5.1.0panorama/bin/pegasus-rc-client,"-n pegasus::rc-client -N null -R local  -L H1L1V1-INJECTION_MINIFOLLOWUP_BBH-1186740100-3400 -T 2024-03-13T22:37:56+00:00 /home/poseidon/pegasus-5.1.0panorama/bin/pegasus-rc-client --prefix pegasus.catalog.replica.output --conf /mnt/poseidon-data/poseidon/workflows/pycbc/search/poseidon/submit/poseidon/pegasus/pycbc-search/run0080/00/04/./H1L1V1-INJECTION_MINIFOLLOWUP_BBH-1186740100-3400.dax_ID0000174.000/pegasus.11322928757362656739.properties -v --meta /mnt/poseidon-data/poseidon/workflows/pycbc/search/poseidon/submit/poseidon/pegasus/pycbc-search/run0080/00/04/./H1L1V1-INJECTION_MINIFOLLOWUP_BBH-1186740100-3400.dax_ID0000174.000/00/00/plot_qscan_ID8_ID0000013.meta,/mnt/poseidon-data/poseidon/workflows/pycbc/search/poseidon/submit/poseidon/pegasus/pycbc-search/run0080/00/04/./H1L1V1-INJECTION_MINIFOLLOWUP_BBH-1186740100-3400.dax_ID0000174.000/00/00/single_template_ID13_ID0000018.meta,/mnt/poseidon-data/poseidon/workflows/pycbc/search/poseidon/submit/poseidon/pegasus/pycbc-search/run0080/00/04/./H1L1V1-INJECTION_MINIFOLLOWUP_BBH-1186740100-3400.dax_ID0000174.000/00/00/single_template_ID13_ID0000038.meta,/mnt/poseidon-data/poseidon/workflows/pycbc/search/poseidon/submit/poseidon/pegasus/pycbc-search/run0080/00/04/./H1L1V1-INJECTION_MINIFOLLOWUP_BBH-1186740100-3400.dax_ID0000174.000/00/00/single_template_ID13_ID0000016.meta,/mnt/poseidon-data/poseidon/workflows/pycbc/search/poseidon/submit/poseidon/pegasus/pycbc-search/run0080/00/04/./H1L1V1-INJECTION_MINIFOLLOWUP_BBH-1186740100-3400.dax_ID0000174.000/00/00/page_coincinfo_ID1_ID0000002.meta,/mnt/poseidon-data/poseidon/workflows/pycbc/search/poseidon/submit/poseidon/pegasus/pycbc-search/run0080/00/04/./H1L1V1-INJECTION_MINIFOLLOWUP_BBH-1186740100-3400.dax_ID0000174.000/00/00/single_template_ID13_ID0000022.meta,/mnt/poseidon-data/poseidon/workflows/pycbc/search/poseidon/submit/poseidon/pegasus/pycbc-search/run0080/00/04/./H1L1V1-INJECTION_MINIFOLLOWUP_BBH-1186740100-3400.dax_ID0000174.000/00/00/single_template_ID13_ID0000048.meta --insert /mnt/poseidon-data/poseidon/workflows/pycbc/search/poseidon/submit/poseidon/pegasus/pycbc-search/run0080/00/04/./H1L1V1-INJECTION_MINIFOLLOWUP_BBH-1186740100-3400.dax_ID0000174.000/00/00/register_condorpool_0_3.in",2.9,0,0,,,,,,,,,
register_condorpool_0_2_pegasus-plan_ID0000174,None,auxiliary,0,1715231435.0,,,1715231441.0,,,0.0,1715231441.0,1715231446.0,,,0.0,1715231446.0,1715231451.0,6.0,,0.0,5.0,5.0,,,,,poseidon,local,poseidon-submit,pegasus::rc-client,/mnt/poseidon-data/poseidon/pegasus-5.1.0panorama/bin/pegasus-rc-client,"-n pegasus::rc-client -N null -R local  -L H1L1V1-INJECTION_MINIFOLLOWUP_BBH-1186740100-3400 -T 2024-03-13T22:37:56+00:00 /home/poseidon/pegasus-5.1.0panorama/bin/pegasus-rc-client --prefix pegasus.catalog.replica.output --conf /mnt/poseidon-data/poseidon/workflows/pycbc/search/poseidon/submit/poseidon/pegasus/pycbc-search/run0080/00/04/./H1L1V1-INJECTION_MINIFOLLOWUP_BBH-1186740100-3400.dax_ID0000174.000/pegasus.11322928757362656739.properties -v --meta /mnt/poseidon-data/poseidon/workflows/pycbc/search/poseidon/submit/poseidon/pegasus/pycbc-search/run0080/00/04/./H1L1V1-INJECTION_MINIFOLLOWUP_BBH-1186740100-3400.dax_ID0000174.000/00/00/single_template_ID13_ID0000014.meta,/mnt/poseidon-data/poseidon/workflows/pycbc/search/poseidon/submit/poseidon/pegasus/pycbc-search/run0080/00/04/./H1L1V1-INJECTION_MINIFOLLOWUP_BBH-1186740100-3400.dax_ID0000174.000/00/00/single_template_ID13_ID0000046.meta,/mnt/poseidon-data/poseidon/workflows/pycbc/search/poseidon/submit/poseidon/pegasus/pycbc-search/run0080/00/04/./H1L1V1-INJECTION_MINIFOLLOWUP_BBH-1186740100-3400.dax_ID0000174.000/00/00/single_template_ID13_ID0000036.meta,/mnt/poseidon-data/poseidon/workflows/pycbc/search/poseidon/submit/poseidon/pegasus/pycbc-search/run0080/00/04/./H1L1V1-INJECTION_MINIFOLLOWUP_BBH-1186740100-3400.dax_ID0000174.000/00/00/plot_singles_timefreq_ID7_ID0000008.meta,/mnt/poseidon-data/poseidon/workflows/pycbc/search/poseidon/submit/poseidon/pegasus/pycbc-search/run0080/00/04/./H1L1V1-INJECTION_MINIFOLLOWUP_BBH-1186740100-3400.dax_ID0000174.000/00/00/single_template_ID13_ID0000028.meta,/mnt/poseidon-data/poseidon/workflows/pycbc/search/poseidon/submit/poseidon/pegasus/pycbc-search/run0080/00/04/./H1L1V1-INJECTION_MINIFOLLOWUP_BBH-1186740100-3400.dax_ID0000174.000/00/00/single_template_ID13_ID0000030.meta,/mnt/poseidon-data/poseidon/workflows/pycbc/search/poseidon/submit/poseidon/pegasus/pycbc-search/run0080/00/04/./H1L1V1-INJECTION_MINIFOLLOWUP_BBH-1186740100-3400.dax_ID0000174.000/00/00/plot_qscan_ID8_ID0000011.meta,/mnt/poseidon-data/poseidon/workflows/pycbc/search/poseidon/submit/poseidon/pegasus/pycbc-search/run0080/00/04/./H1L1V1-INJECTION_MINIFOLLOWUP_BBH-1186740100-3400.dax_ID0000174.000/00/00/plot_singles_timefreq_ID7_ID0000010.meta --insert /mnt/poseidon-data/poseidon/workflows/pycbc/search/poseidon/submit/poseidon/pegasus/pycbc-search/run0080/00/04/./H1L1V1-INJECTION_MINIFOLLOWUP_BBH-1186740100-3400.dax_ID0000174.000/00/00/register_condorpool_0_2.in",2.9,0,0,,,,,,,,,
register_condorpool_0_1_pegasus-plan_ID0000174,None,auxiliary,0,1715231435.0,,,1715231451.0,,,0.0,1715231451.0,1715231456.0,,,0.0,1715231456.0,1715231461.0,16.0,,0.0,5.0,5.0,,,,,poseidon,local,poseidon-submit,pegasus::rc-client,/mnt/poseidon-data/poseidon/pegasus-5.1.0panorama/bin/pegasus-rc-client,"-n pegasus::rc-client -N null -R local  -L H1L1V1-INJECTION_MINIFOLLOWUP_BBH-1186740100-3400 -T 2024-03-13T22:37:56+00:00 /home/poseidon/pegasus-5.1.0panorama/bin/pegasus-rc-client --prefix pegasus.catalog.replica.output --conf /mnt/poseidon-data/poseidon/workflows/pycbc/search/poseidon/submit/poseidon/pegasus/pycbc-search/run0080/00/04/./H1L1V1-INJECTION_MINIFOLLOWUP_BBH-1186740100-3400.dax_ID0000174.000/pegasus.11322928757362656739.properties -v --meta /mnt/poseidon-data/poseidon/workflows/pycbc/search/poseidon/submit/poseidon/pegasus/pycbc-search/run0080/00/04/./H1L1V1-INJECTION_MINIFOLLOWUP_BBH-1186740100-3400.dax_ID0000174.000/00/00/single_template_ID13_ID0000044.meta,/mnt/poseidon-data/poseidon/workflows/pycbc/search/poseidon/submit/poseidon/pegasus/pycbc-search/run0080/00/04/./H1L1V1-INJECTION_MINIFOLLOWUP_BBH-1186740100-3400.dax_ID0000174.000/00/00/page_snglinfo_ID2_ID0000005.meta,/mnt/poseidon-data/poseidon/workflows/pycbc/search/poseidon/submit/poseidon/pegasus/pycbc-search/run0080/00/04/./H1L1V1-INJECTION_MINIFOLLOWUP_BBH-1186740100-3400.dax_ID0000174.000/00/00/single_template_ID13_ID0000034.meta,/mnt/poseidon-data/poseidon/workflows/pycbc/search/poseidon/submit/poseidon/pegasus/pycbc-search/run0080/00/04/./H1L1V1-INJECTION_MINIFOLLOWUP_BBH-1186740100-3400.dax_ID0000174.000/00/00/plot_trigger_timeseries_ID5_ID0000007.meta,/mnt/poseidon-data/poseidon/workflows/pycbc/search/poseidon/submit/poseidon/pegasus/pycbc-search/run0080/00/04/./H1L1V1-INJECTION_MINIFOLLOWUP_BBH-1186740100-3400.dax_ID0000174.000/00/00/single_template_ID13_ID0000042.meta,/mnt/poseidon-data/poseidon/workflows/pycbc/search/poseidon/submit/poseidon/pegasus/pycbc-search/run0080/00/04/./H1L1V1-INJECTION_MINIFOLLOWUP_BBH-1186740100-3400.dax_ID0000174.000/00/00/single_template_ID13_ID0000026.meta,/mnt/poseidon-data/poseidon/workflows/pycbc/search/poseidon/submit/poseidon/pegasus/pycbc-search/run0080/00/04/./H1L1V1-INJECTION_MINIFOLLOWUP_BBH-1186740100-3400.dax_ID0000174.000/00/00/page_injinfo_ID0_ID0000001.meta,/mnt/poseidon-data/poseidon/workflows/pycbc/search/poseidon/submit/poseidon/pegasus/pycbc-search/run0080/00/04/./H1L1V1-INJECTION_MINIFOLLOWUP_BBH-1186740100-3400.dax_ID0000174.000/00/00/single_template_ID13_ID0000020.meta --insert /mnt/poseidon-data/poseidon/workflows/pycbc/search/poseidon/submit/poseidon/pegasus/pycbc-search/run0080/00/04/./H1L1V1-INJECTION_MINIFOLLOWUP_BBH-1186740100-3400.dax_ID0000174.000/00/00/register_condorpool_0_1.in",2.9,0,0,,,,,,,,,
single_template_plot_ID14_ID0000025_pegasus-plan_ID0000174,None,compute,0,1715231435.0,,,1715231441.0,1715231442.0,1715231458.0,134541069.8,1715231441.0,1715231476.0,1715231466.0,1715231469.0,36151.0,1715231476.0,1715231481.0,6.0,,0.0,35.0,5.0,16.0,1389826192.0,3.0,99939.0,poseidon,condorpool,poseidon-worker-1-container-0-3,single_template_plot_ID14,/usr/local/bin/pycbc_single_template_plot,,2.9,0,0,,,,,,,,,
single_template_plot_ID14_ID0000015_pegasus-plan_ID0000174,None,compute,0,1715231435.0,,,1715231441.0,1715231442.0,1715231460.0,114279063.2,1715231441.0,1715231481.0,1715231468.0,1715231471.0,30449.0,1715231481.0,1715231486.0,6.0,,0.0,40.0,5.0,18.0,1389826192.0,3.0,83787.0,poseidon,condorpool,poseidon-worker-1-container-32-35,single_template_plot_ID14,/usr/local/bin/pycbc_single_template_plot,,2.7,0,0,,,,,,,,,
single_template_plot_ID14_ID0000023_pegasus-plan_ID0000174,None,compute,0,1715231435.0,,,1715231441.0,1715231442.0,1715231458.0,127553860.4,1715231441.0,1715231476.0,1715231466.0,1715231469.0,30112.0,1715231476.0,1715231481.0,6.0,,0.0,35.0,5.0,16.0,1389826192.0,3.0,83178.0,poseidon,condorpool,poseidon-worker-1-container-12-15,single_template_plot_ID14,/usr/local/bin/pycbc_single_template_plot,,2.9,0,0,,,,,,,,,
single_template_plot_ID14_ID0000027_pegasus-plan_ID0000174,None,compute,0,1715231435.0,,,1715231441.0,1715231442.0,1715231458.0,134427309.4,1715231441.0,1715231476.0,1715231466.0,1715231469.0,55967.0,1715231476.0,1715231481.0,6.0,,0.0,35.0,5.0,16.0,1389826192.0,3.0,155849.0,poseidon,condorpool,poseidon-worker-2-container-32-35,single_template_plot_ID14,/usr/local/bin/pycbc_single_template_plot,,2.7,0,0,,,,,,,,,
stage_out_local_condorpool_1_0_pegasus-plan_ID0000174,None,transfer,0,1715231481.0,,,1715231486.0,,,0.0,1715231486.0,1715231496.0,1715231486.0,1715231490.0,215073.0,1715231496.0,1715231501.0,5.0,,0.0,10.0,5.0,,,4.0,866649.0,poseidon,local,poseidon-submit,pegasus::transfer,/mnt/poseidon-data/poseidon/pegasus-5.1.0panorama/bin/pegasus-transfer,/home/poseidon/pegasus-5.1.0panorama/bin/../bin/pegasus-kickstart  -n pegasus::transfer -N null -i - -R local  -L H1L1V1-INJECTION_MINIFOLLOWUP_BBH-1186740100-3400 -T 2024-03-13T22:37:56+00:00 /home/poseidon/pegasus-5.1.0panorama/bin/../bin/pegasus-transfer  --threads 2,0.9,0,0,,,,,,,,,
stage_out_local_condorpool_1_1_pegasus-plan_ID0000174,None,transfer,0,1715231486.0,,,1715231491.0,,,0.0,1715231492.0,1715231506.0,1715231492.0,1715231496.0,223594.0,1715231506.0,1715231511.0,5.0,,1.0,14.0,5.0,,,4.0,900594.0,poseidon,local,poseidon-submit,pegasus::transfer,/mnt/poseidon-data/poseidon/pegasus-5.1.0panorama/bin/pegasus-transfer,/home/poseidon/pegasus-5.1.0panorama/bin/../bin/pegasus-kickstart  -n pegasus::transfer -N null -i - -R local  -L H1L1V1-INJECTION_MINIFOLLOWUP_BBH-1186740100-3400 -T 2024-03-13T22:37:56+00:00 /home/poseidon/pegasus-5.1.0panorama/bin/../bin/pegasus-transfer  --threads 2,0.9,0,0,,,,,,,,,
register_condorpool_1_0_pegasus-plan_ID0000174,None,auxiliary,0,1715231501.0,,,1715231506.0,,,0.0,1715231506.0,1715231511.0,,,0.0,1715231511.0,1715231516.0,5.0,,0.0,5.0,5.0,,,,,poseidon,local,poseidon-submit,pegasus::rc-client,/mnt/poseidon-data/poseidon/pegasus-5.1.0panorama/bin/pegasus-rc-client,"-n pegasus::rc-client -N null -R local  -L H1L1V1-INJECTION_MINIFOLLOWUP_BBH-1186740100-3400 -T 2024-03-13T22:37:56+00:00 /home/poseidon/pegasus-5.1.0panorama/bin/pegasus-rc-client --prefix pegasus.catalog.replica.output --conf /mnt/poseidon-data/poseidon/workflows/pycbc/search/poseidon/submit/poseidon/pegasus/pycbc-search/run0080/00/04/./H1L1V1-INJECTION_MINIFOLLOWUP_BBH-1186740100-3400.dax_ID0000174.000/pegasus.11322928757362656739.properties -v --meta /mnt/poseidon-data/poseidon/workflows/pycbc/search/poseidon/submit/poseidon/pegasus/pycbc-search/run0080/00/04/./H1L1V1-INJECTION_MINIFOLLOWUP_BBH-1186740100-3400.dax_ID0000174.000/00/01/single_template_plot_ID14_ID0000017.meta,/mnt/poseidon-data/poseidon/workflows/pycbc/search/poseidon/submit/poseidon/pegasus/pycbc-search/run0080/00/04/./H1L1V1-INJECTION_MINIFOLLOWUP_BBH-1186740100-3400.dax_ID0000174.000/00/00/single_template_plot_ID14_ID0000033.meta,/mnt/poseidon-data/poseidon/workflows/pycbc/search/poseidon/submit/poseidon/pegasus/pycbc-search/run0080/00/04/./H1L1V1-INJECTION_MINIFOLLOWUP_BBH-1186740100-3400.dax_ID0000174.000/00/01/single_template_plot_ID14_ID0000049.meta,/mnt/poseidon-data/poseidon/workflows/pycbc/search/poseidon/submit/poseidon/pegasus/pycbc-search/run0080/00/04/./H1L1V1-INJECTION_MINIFOLLOWUP_BBH-1186740100-3400.dax_ID0000174.000/00/01/single_template_plot_ID14_ID0000023.meta,/mnt/poseidon-data/poseidon/workflows/pycbc/search/poseidon/submit/poseidon/pegasus/pycbc-search/run0080/00/04/./H1L1V1-INJECTION_MINIFOLLOWUP_BBH-1186740100-3400.dax_ID0000174.000/00/00/single_template_plot_ID14_ID0000037.meta,/mnt/poseidon-data/poseidon/workflows/pycbc/search/poseidon/submit/poseidon/pegasus/pycbc-search/run0080/00/04/./H1L1V1-INJECTION_MINIFOLLOWUP_BBH-1186740100-3400.dax_ID0000174.000/00/01/single_template_plot_ID14_ID0000045.meta,/mnt/poseidon-data/poseidon/workflows/pycbc/search/poseidon/submit/poseidon/pegasus/pycbc-search/run0080/00/04/./H1L1V1-INJECTION_MINIFOLLOWUP_BBH-1186740100-3400.dax_ID0000174.000/00/01/single_template_plot_ID14_ID0000019.meta,/mnt/poseidon-data/poseidon/workflows/pycbc/search/poseidon/submit/poseidon/pegasus/pycbc-search/run0080/00/04/./H1L1V1-INJECTION_MINIFOLLOWUP_BBH-1186740100-3400.dax_ID0000174.000/00/00/single_template_plot_ID14_ID0000041.meta,/mnt/poseidon-data/poseidon/workflows/pycbc/search/poseidon/submit/poseidon/pegasus/pycbc-search/run0080/00/04/./H1L1V1-INJECTION_MINIFOLLOWUP_BBH-1186740100-3400.dax_ID0000174.000/00/01/single_template_plot_ID14_ID0000027.meta --insert /mnt/poseidon-data/poseidon/workflows/pycbc/search/poseidon/submit/poseidon/pegasus/pycbc-search/run0080/00/04/./H1L1V1-INJECTION_MINIFOLLOWUP_BBH-1186740100-3400.dax_ID0000174.000/00/01/register_condorpool_1_0.in",2.7,0,0,,,,,,,,,
register_condorpool_1_1_pegasus-plan_ID0000174,None,auxiliary,0,1715231511.0,,,1715231516.0,,,0.0,1715231516.0,1715231521.0,,,0.0,1715231521.0,1715231526.0,5.0,,0.0,5.0,5.0,,,,,poseidon,local,poseidon-submit,pegasus::rc-client,/mnt/poseidon-data/poseidon/pegasus-5.1.0panorama/bin/pegasus-rc-client,"-n pegasus::rc-client -N null -R local  -L H1L1V1-INJECTION_MINIFOLLOWUP_BBH-1186740100-3400 -T 2024-03-13T22:37:56+00:00 /home/poseidon/pegasus-5.1.0panorama/bin/pegasus-rc-client --prefix pegasus.catalog.replica.output --conf /mnt/poseidon-data/poseidon/workflows/pycbc/search/poseidon/submit/poseidon/pegasus/pycbc-search/run0080/00/04/./H1L1V1-INJECTION_MINIFOLLOWUP_BBH-1186740100-3400.dax_ID0000174.000/pegasus.11322928757362656739.properties -v --meta /mnt/poseidon-data/poseidon/workflows/pycbc/search/poseidon/submit/poseidon/pegasus/pycbc-search/run0080/00/04/./H1L1V1-INJECTION_MINIFOLLOWUP_BBH-1186740100-3400.dax_ID0000174.000/00/01/single_template_plot_ID14_ID0000021.meta,/mnt/poseidon-data/poseidon/workflows/pycbc/search/poseidon/submit/poseidon/pegasus/pycbc-search/run0080/00/04/./H1L1V1-INJECTION_MINIFOLLOWUP_BBH-1186740100-3400.dax_ID0000174.000/00/01/single_template_plot_ID14_ID0000031.meta,/mnt/poseidon-data/poseidon/workflows/pycbc/search/poseidon/submit/poseidon/pegasus/pycbc-search/run0080/00/04/./H1L1V1-INJECTION_MINIFOLLOWUP_BBH-1186740100-3400.dax_ID0000174.000/00/01/single_template_plot_ID14_ID0000029.meta,/mnt/poseidon-data/poseidon/workflows/pycbc/search/poseidon/submit/poseidon/pegasus/pycbc-search/run0080/00/04/./H1L1V1-INJECTION_MINIFOLLOWUP_BBH-1186740100-3400.dax_ID0000174.000/00/00/single_template_plot_ID14_ID0000043.meta,/mnt/poseidon-data/poseidon/workflows/pycbc/search/poseidon/submit/poseidon/pegasus/pycbc-search/run0080/00/04/./H1L1V1-INJECTION_MINIFOLLOWUP_BBH-1186740100-3400.dax_ID0000174.000/00/00/single_template_plot_ID14_ID0000039.meta,/mnt/poseidon-data/poseidon/workflows/pycbc/search/poseidon/submit/poseidon/pegasus/pycbc-search/run0080/00/04/./H1L1V1-INJECTION_MINIFOLLOWUP_BBH-1186740100-3400.dax_ID0000174.000/00/00/single_template_plot_ID14_ID0000035.meta,/mnt/poseidon-data/poseidon/workflows/pycbc/search/poseidon/submit/poseidon/pegasus/pycbc-search/run0080/00/04/./H1L1V1-INJECTION_MINIFOLLOWUP_BBH-1186740100-3400.dax_ID0000174.000/00/01/single_template_plot_ID14_ID0000015.meta,/mnt/poseidon-data/poseidon/workflows/pycbc/search/poseidon/submit/poseidon/pegasus/pycbc-search/run0080/00/04/./H1L1V1-INJECTION_MINIFOLLOWUP_BBH-1186740100-3400.dax_ID0000174.000/00/01/single_template_plot_ID14_ID0000025.meta,/mnt/poseidon-data/poseidon/workflows/pycbc/search/poseidon/submit/poseidon/pegasus/pycbc-search/run0080/00/04/./H1L1V1-INJECTION_MINIFOLLOWUP_BBH-1186740100-3400.dax_ID0000174.000/00/01/single_template_plot_ID14_ID0000047.meta --insert /mnt/poseidon-data/poseidon/workflows/pycbc/search/poseidon/submit/poseidon/pegasus/pycbc-search/run0080/00/04/./H1L1V1-INJECTION_MINIFOLLOWUP_BBH-1186740100-3400.dax_ID0000174.000/00/01/register_condorpool_1_1.in",3.1,0,0,,,,,,,,,
cleanup_pycbc-search_0_local,None,auxiliary,0,1715231529.0,,,1715231534.0,,,0.0,1715231534.0,1715231544.0,,,0.0,1715231544.0,1715231549.0,5.0,,0.0,10.0,5.0,,,,,poseidon,local,poseidon-submit,pegasus::cleanup,/mnt/poseidon-data/poseidon/pegasus-5.1.0panorama/bin/pegasus-transfer,pegasus-kickstart  -n pegasus::cleanup -N null -i - -R local  -L pycbc-search -T 2024-03-27T21:26:08+00:00 pegasus-transfer,0.2,0,0,,,,,,,,,
cleanup_pycbc-search_0_condorpool,None,auxiliary,0,1715231529.0,,,1715231534.0,,,0.0,1715231534.0,1715231544.0,,,0.0,1715231544.0,1715231549.0,5.0,,0.0,10.0,5.0,,,,,poseidon,local,poseidon-submit,pegasus::cleanup,/mnt/poseidon-data/poseidon/pegasus-5.1.0panorama/bin/pegasus-transfer,pegasus-kickstart  -n pegasus::cleanup -N null -i - -R local  -L pycbc-search -T 2024-03-27T21:26:08+00:00 pegasus-transfer,0.2,0,0,,,,,,,,,
