,anomaly_type,type,is_clustered,ready,pre_script_start,pre_script_end,submit,stage_in_start,stage_in_end,stage_in_effective_bytes_per_sec,execute_start,execute_end,stage_out_start,stage_out_end,stage_out_effective_bytes_per_sec,post_script_start,post_script_end,wms_delay,pre_script_delay,queue_delay,runtime,post_script_delay,stage_in_delay,stage_in_bytes,stage_out_delay,stage_out_bytes,kickstart_user,kickstart_site,kickstart_hostname,kickstart_transformations,kickstart_executables,kickstart_executables_argv,kickstart_executables_cpu_time,kickstart_status,kickstart_executables_exitcode,kickstart_online_iowait,kickstart_online_bytes_read,kickstart_online_bytes_written,kickstart_online_read_system_calls,kickstart_online_write_system_calls,kickstart_online_utime,kickstart_online_stime,kickstart_online_bytes_read_per_second,kickstart_online_bytes_written_per_second
create_dir_pycbc-search_0_condorpool,None,auxiliary,0,1716441849.0,,,1716441850.0,,,0.0,1716441854.0,1716441860.0,,,0.0,1716441860.0,1716441865.0,1.0,,4.0,6.0,5.0,,,,,poseidon,local,poseidon-submit,pegasus::dirmanager,/mnt/poseidon-data/poseidon/pegasus-5.1.0panorama/bin/pegasus-transfer,pegasus-kickstart  -n pegasus::dirmanager -N null -i - -R local  -L pycbc-search -T 2024-03-27T21:26:08+00:00 pegasus-transfer,0.3,0,0,,,,,,,,,
create_dir_pycbc-search_0_local,None,auxiliary,0,1716441849.0,,,1716441850.0,,,0.0,1716441854.0,1716441860.0,,,0.0,1716441860.0,1716441865.0,1.0,,4.0,6.0,5.0,,,,,poseidon,local,poseidon-submit,pegasus::dirmanager,/mnt/poseidon-data/poseidon/pegasus-5.1.0panorama/bin/pegasus-transfer,pegasus-kickstart  -n pegasus::dirmanager -N null -i - -R local  -L pycbc-search -T 2024-03-27T21:26:08+00:00 pegasus-transfer,0.3,0,0,,,,,,,,,
page_segplot_ID46_ID0000047,None,compute,0,1716441865.0,,,1716441870.0,1716441878.0,1716441893.0,140692670.7,1716441877.0,1716441915.0,1716441902.0,1716441904.0,19892.0,1716441915.0,1716441920.0,5.0,,7.0,38.0,5.0,15.0,1379890407.0,2.0,54164.0,poseidon,condorpool,poseidon-worker-2-container-44-47,page_segplot_ID46,/usr/local/bin/pycbc_page_segplot,,3.1,0,0,,,,,,,,,
calculate_psd_ID38_ID0000039,None,compute,0,1716441865.0,,,1716441870.0,1716441878.0,1716441894.0,149217810.0,1716441877.0,1716441940.0,1716441929.0,1716441932.0,5672557.0,1716441940.0,1716441945.0,5.0,,7.0,63.0,5.0,16.0,1509359540.0,3.0,18080428.0,poseidon,condorpool,poseidon-worker-1-container-44-47,calculate_psd_ID38,/usr/local/bin/pycbc_calculate_psd,,29.4,0,0,0.0,803731340.0,28825.0,4753.0,33.0,21.1,3.8,16074626.8,2882.5
page_versioning_ID174_ID0000184,cpu_3,compute,0,1716441865.0,,,1716441870.0,1716441878.0,1716441885.0,179511591.0,1716441877.0,1716441976.0,1716441966.0,1716441969.0,19281.0,1716441976.0,1716441981.0,5.0,,7.0,99.0,5.0,7.0,1379880960.0,3.0,54037.0,poseidon,condorpool,poseidon-worker-1-container-28-31,page_versioning_ID174,/usr/local/bin/pycbc_page_versioning,,74.7,0,0,0.0,1589100083.0,1974699.0,258174.0,2198.0,7.0,2.1,11350714.9,14105.0
injections_ID123_ID0000132,None,compute,0,1716441865.0,,,1716441870.0,1716441878.0,1716441885.0,177457036.0,1716441877.0,1716441900.0,1716441891.0,1716441894.0,14321.0,1716441900.0,1716441905.0,5.0,,7.0,23.0,5.0,7.0,1379880960.0,3.0,40346.0,poseidon,condorpool,poseidon-worker-2-container-36-39,injections_ID123,/usr/local/bin/lalapps_inspinj,,0.2,0,0,,,,,,,,,
bank2hdf_ID0_ID0000001,None,compute,0,1716441865.0,,,1716441870.0,1716441878.0,1716441893.0,139370341.4,1716441877.0,1716441910.0,1716441901.0,1716441903.0,12216.0,1716441910.0,1716441915.0,5.0,,7.0,33.0,5.0,15.0,1379906606.0,2.0,33190.0,poseidon,condorpool,poseidon-worker-1-container-32-35,bank2hdf_ID0,/usr/local/bin/pycbc_coinc_bank2hdf,,2.2,0,0,,,,,,,,,
page_segtable_ID45_ID0000048,cpu_3,compute,0,1716441865.0,,,1716441870.0,1716441878.0,1716441894.0,125031380.9,1716441877.0,1716441915.0,1716441902.0,1716441905.0,884.0,1716441915.0,1716441920.0,5.0,,7.0,38.0,5.0,16.0,1379890267.0,3.0,2376.0,poseidon,condorpool,poseidon-worker-2-container-32-35,page_segtable_ID45,/usr/local/bin/pycbc_page_segtable,,2.8,0,0,,,,,,,,,
page_segtable_ID45_ID0000046,None,compute,0,1716441865.0,,,1716441870.0,1716441878.0,1716441897.0,103382282.5,1716441877.0,1716441915.0,1716441905.0,1716441907.0,917.0,1716441915.0,1716441920.0,5.0,,7.0,38.0,5.0,19.0,1379890407.0,2.0,2496.0,poseidon,condorpool,poseidon-worker-1-container-40-43,page_segtable_ID45,/usr/local/bin/pycbc_page_segtable,,2.8,0,0,,,,,,,,,
calculate_psd_ID38_ID0000040,cpu_3,compute,0,1716441865.0,,,1716441870.0,1716441878.0,1716441896.0,122302185.3,1716441877.0,1716441940.0,1716441930.0,1716441933.0,6062693.0,1716441940.0,1716441945.0,5.0,,7.0,63.0,5.0,18.0,1488783041.0,3.0,17717127.0,poseidon,condorpool,poseidon-worker-1-container-24-27,calculate_psd_ID38,/usr/local/bin/pycbc_calculate_psd,,29.4,0,0,0.0,680272220.0,28825.0,4758.0,33.0,19.8,5.1,13605444.4,2882.5
calculate_psd_ID38_ID0000041,cpu_3,compute,0,1716441865.0,,,1716441870.0,1716441878.0,1716441897.0,110326343.1,1716441877.0,1716441940.0,1716441930.0,1716441933.0,6080330.0,1716441940.0,1716441945.0,5.0,,7.0,63.0,5.0,19.0,1485630519.0,3.0,17785535.0,poseidon,condorpool,poseidon-worker-2-container-24-27,calculate_psd_ID38,/usr/local/bin/pycbc_calculate_psd,,27.6,0,0,0.1,661357100.0,28825.0,4758.0,33.0,21.0,3.9,13227142.0,2882.5
plot_segments_ID43_ID0000044,None,compute,0,1716441865.0,,,1716441870.0,1716441878.0,1716441893.0,141308083.2,1716441877.0,1716441910.0,1716441901.0,1716441904.0,8883.0,1716441910.0,1716441915.0,5.0,,7.0,33.0,5.0,15.0,1379884331.0,3.0,24223.0,poseidon,condorpool,poseidon-worker-1-container-0-3,plot_segments_ID43,/usr/local/bin/pycbc_page_segments,,2.7,0,0,,,,,,,,,
inj2hdf_ID124_ID0000133,None,compute,0,1716441905.0,,,1716441910.0,1716441911.0,1716441926.0,141031836.3,1716441910.0,1716441945.0,1716441934.0,1716441936.0,22988.0,1716441945.0,1716441950.0,5.0,,0.0,35.0,5.0,15.0,1379921306.0,2.0,63156.0,poseidon,condorpool,poseidon-worker-2-container-36-39,inj2hdf_ID124,/usr/local/bin/pycbc_convertinjfiletohdf,,2.3,0,0,,,,,,,,,
splitbank_ID1_ID0000002,None,compute,0,1716441915.0,,,1716441920.0,1716441921.0,1716441937.0,137938888.6,1716441920.0,1716441955.0,1716441944.0,1716441947.0,12170.0,1716441955.0,1716441961.0,5.0,,0.0,35.0,6.0,16.0,1379914150.0,3.0,33190.0,poseidon,condorpool,poseidon-worker-2-container-44-47,splitbank_ID1,/usr/local/bin/pycbc_hdf5_splitbank,,2.0,0,0,,,,,,,,,
splitbank_ID1_ID0000131,None,compute,0,1716441915.0,,,1716441920.0,1716441921.0,1716441937.0,140397497.9,1716441920.0,1716441955.0,1716441944.0,1716441947.0,12225.0,1716441955.0,1716441961.0,5.0,,0.0,35.0,6.0,16.0,1379914150.0,3.0,33190.0,poseidon,condorpool,poseidon-worker-1-container-40-43,splitbank_ID1,/usr/local/bin/pycbc_hdf5_splitbank,,2.1,0,0,,,,,,,,,
plot_bank_ID2_ID0000003,cpu_3,compute,0,1716441915.0,,,1716441920.0,1716441921.0,1716441937.0,141261984.9,1716441920.0,1716441955.0,1716441945.0,1716441947.0,8388.0,1716441955.0,1716441961.0,5.0,,0.0,35.0,6.0,16.0,1379914150.0,2.0,22779.0,poseidon,condorpool,poseidon-worker-2-container-32-35,plot_bank_ID2,/usr/local/bin/pycbc_plot_bank_bins,,2.7,0,0,,,,,,,,,
plot_range_ID42_ID0000043,None,compute,0,1716441945.0,,,1716441950.0,1716441952.0,1716441968.0,144995568.3,1716441951.0,1716441986.0,1716441977.0,1716441980.0,17516.0,1716441986.0,1716441991.0,5.0,,1.0,35.0,5.0,16.0,1433464050.0,3.0,49604.0,poseidon,condorpool,poseidon-worker-2-container-36-39,plot_range_ID42,/usr/local/bin/pycbc_plot_range,,3.9,0,0,,,,,,,,,
plot_spectrum_ID41_ID0000042,None,compute,0,1716441945.0,,,1716441950.0,1716441952.0,1716441968.0,146341872.3,1716441951.0,1716441991.0,1716441978.0,1716441981.0,104498.0,1716441991.0,1716441996.0,5.0,,1.0,40.0,5.0,16.0,1433464050.0,3.0,287143.0,poseidon,condorpool,poseidon-worker-1-container-0-3,plot_spectrum_ID41,/usr/local/bin/pycbc_plot_psd_file,,5.1,0,0,0.1,86892374.0,636783.0,13226.0,56.0,3.5,1.3,8689237.4,63678.3
optimal_snr_ID125_ID0000134,cpu_3,compute,0,1716441950.0,,,1716441955.0,1716441957.0,1716441973.0,143390981.3,1716441956.0,1716441996.0,1716441987.0,1716441990.0,18218.0,1716441996.0,1716442001.0,5.0,,1.0,40.0,5.0,16.0,1433527206.0,3.0,50176.0,poseidon,condorpool,poseidon-worker-2-container-32-35,optimal_snr_ID125,/usr/local/bin/pycbc_optimal_snr,,7.4,0,0,0.1,78470529.0,28374.0,10572.0,26.0,3.1,1.1,7847052.9,2837.4
optimal_snr_ID125_ID0000135,None,compute,0,1716441950.0,,,1716441955.0,1716441957.0,1716441973.0,145258014.4,1716441956.0,1716441996.0,1716441986.0,1716441989.0,18326.0,1716441996.0,1716442001.0,5.0,,1.0,40.0,5.0,16.0,1433527206.0,3.0,50176.0,poseidon,condorpool,poseidon-worker-2-container-44-47,optimal_snr_ID125,/usr/local/bin/pycbc_optimal_snr,,7.7,0,0,0.0,85353624.0,28374.0,11293.0,26.0,3.5,1.4,8535362.4,2837.4
inspiral-BBH_INJECTIONS-V1_ID130_ID0000139,cpu_3,compute,0,1716441961.0,,,1716441966.0,1716441967.0,1716441984.0,143464033.6,1716441966.0,1716442216.0,1716442205.0,1716442208.0,367615.0,1716442216.0,1716442221.0,5.0,,0.0,250.0,5.0,17.0,1509453055.0,3.0,1026024.0,poseidon,condorpool,poseidon-worker-2-container-24-27,inspiral-BBH_INJECTIONS-V1_ID130,/usr/local/bin/pycbc_inspiral,,215.8,0,0,0.1,803354687.0,28374.0,5413.0,26.0,209.0,5.7,1868266.7,2837.4
inspiral-BBH_INJECTIONS-L1_ID129_ID0000138,cpu_3,compute,0,1716441961.0,,,1716441966.0,1716441967.0,1716441984.0,141869096.0,1716441966.0,1716442171.0,1716442163.0,1716442166.0,360844.0,1716442171.0,1716442176.0,5.0,,0.0,205.0,5.0,17.0,1488876556.0,3.0,1002500.0,poseidon,condorpool,poseidon-worker-1-container-24-27,inspiral-BBH_INJECTIONS-L1_ID129,/usr/local/bin/pycbc_inspiral,,174.0,0,0,0.0,679861608.0,28374.0,5278.0,26.0,164.1,5.7,1999593.0,2837.4
inspiral-BBH_INJECTIONS-H1_ID128_ID0000137,None,compute,0,1716441961.0,,,1716441966.0,1716441967.0,1716441983.0,148930548.1,1716441966.0,1716442271.0,1716442262.0,1716442264.0,407782.0,1716442271.0,1716442276.0,5.0,,0.0,305.0,5.0,16.0,1485724034.0,2.0,1169993.0,poseidon,condorpool,poseidon-worker-1-container-40-43,inspiral-BBH_INJECTIONS-H1_ID128,/usr/local/bin/pycbc_inspiral,,272.8,0,0,0.0,661049912.0,28374.0,5634.0,26.0,263.8,6.1,1224166.5,2837.4
inspiral-FULL_DATA-H1_ID3_ID0000004,None,compute,0,1716441961.0,,,1716441966.0,1716441967.0,1716441986.0,120497372.0,1716441966.0,1716442106.0,1716442098.0,1716442101.0,1845822.0,1716442106.0,1716442111.0,5.0,,0.0,140.0,5.0,19.0,1485660878.0,3.0,5726245.0,poseidon,condorpool,poseidon-worker-1-container-44-47,inspiral-FULL_DATA-H1_ID3,/usr/local/bin/pycbc_inspiral,,106.6,0,0,0.0,660739583.0,28374.0,4904.0,26.0,100.6,4.3,3146379.0,2837.4
inspiral-FULL_DATA-V1_ID5_ID0000006,None,compute,0,1716441961.0,,,1716441966.0,1716441972.0,1716441990.0,125688800.8,1716441971.0,1716442126.0,1716442114.0,1716442117.0,1766903.0,1716442126.0,1716442131.0,5.0,,5.0,155.0,5.0,18.0,1509389899.0,3.0,4942226.0,poseidon,condorpool,poseidon-worker-1-container-40-43,inspiral-FULL_DATA-V1_ID5,/usr/local/bin/pycbc_inspiral,,118.5,0,0,0.1,803153488.0,28374.0,5008.0,26.0,108.8,6.0,3491971.7,2837.4
inspiral-FULL_DATA-L1_ID4_ID0000005,cpu_3,compute,0,1716441961.0,,,1716441966.0,1716441972.0,1716441990.0,149882950.8,1716441971.0,1716442121.0,1716442108.0,1716442111.0,1897849.0,1716442121.0,1716442126.0,5.0,,5.0,150.0,5.0,18.0,1488813400.0,3.0,5320216.0,poseidon,condorpool,poseidon-worker-2-container-32-35,inspiral-FULL_DATA-L1_ID4,/usr/local/bin/pycbc_inspiral,,105.9,0,0,0.1,679665689.0,28374.0,4940.0,26.0,97.5,5.6,3089389.5,2837.4
stage_out_local_condorpool_0_0,None,transfer,0,1716441981.0,,,1716441986.0,,,0.0,1716441986.0,1716441996.0,1716441986.0,1716441990.0,52266.0,1716441996.0,1716442001.0,5.0,,0.0,10.0,5.0,,,4.0,210832.0,poseidon,local,poseidon-submit,pegasus::transfer,/mnt/poseidon-data/poseidon/pegasus-5.1.0panorama/bin/pegasus-transfer,pegasus-kickstart  -n pegasus::transfer -N null -i - -R local  -L pycbc-search -T 2024-03-27T21:26:08+00:00 pegasus-transfer  --threads 2,0.9,0,0,,,,,,,,,
stage_out_local_condorpool_1_0,None,transfer,0,1716441996.0,,,1716442001.0,,,0.0,1716442001.0,1716442011.0,1716442001.0,1716442005.0,104819.0,1716442011.0,1716442016.0,5.0,,0.0,10.0,5.0,,,4.0,422682.0,poseidon,local,poseidon-submit,pegasus::transfer,/mnt/poseidon-data/poseidon/pegasus-5.1.0panorama/bin/pegasus-transfer,pegasus-kickstart  -n pegasus::transfer -N null -i - -R local  -L pycbc-search -T 2024-03-27T21:26:08+00:00 pegasus-transfer  --threads 2,0.6,0,0,,,,,,,,,
register_condorpool_0_0,None,auxiliary,0,1716442001.0,,,1716442006.0,,,0.0,1716442006.0,1716442011.0,,,0.0,1716442011.0,1716442016.0,5.0,,0.0,5.0,5.0,,,,,poseidon,local,poseidon-submit,pegasus::rc-client,/mnt/poseidon-data/poseidon/pegasus-5.1.0panorama/bin/pegasus-rc-client,"pegasus-kickstart  -n pegasus::rc-client -N null -R local  -L pycbc-search -T 2024-03-27T21:26:08+00:00 /home/poseidon/pegasus-5.1.0panorama/bin/pegasus-rc-client --prefix pegasus.catalog.replica.output --conf /mnt/poseidon-data/poseidon/workflows/pycbc/search/poseidon/submit/poseidon/pegasus/pycbc-search/run0416/pegasus.2178129152014731068.properties -v --meta /mnt/poseidon-data/poseidon/workflows/pycbc/search/poseidon/submit/poseidon/pegasus/pycbc-search/run0416/00/00/calculate_psd_ID38_ID0000041.meta,/mnt/poseidon-data/poseidon/workflows/pycbc/search/poseidon/submit/poseidon/pegasus/pycbc-search/run0416/00/00/calculate_psd_ID38_ID0000039.meta,/mnt/poseidon-data/poseidon/workflows/pycbc/search/poseidon/submit/poseidon/pegasus/pycbc-search/run0416/00/00/injections_ID123_ID0000132.meta,/mnt/poseidon-data/poseidon/workflows/pycbc/search/poseidon/submit/poseidon/pegasus/pycbc-search/run0416/00/00/page_versioning_ID174_ID0000184.meta,/mnt/poseidon-data/poseidon/workflows/pycbc/search/poseidon/submit/poseidon/pegasus/pycbc-search/run0416/00/00/page_segtable_ID45_ID0000046.meta,/mnt/poseidon-data/poseidon/workflows/pycbc/search/poseidon/submit/poseidon/pegasus/pycbc-search/run0416/00/00/page_segtable_ID45_ID0000048.meta,/mnt/poseidon-data/poseidon/workflows/pycbc/search/poseidon/submit/poseidon/pegasus/pycbc-search/run0416/00/00/page_segplot_ID46_ID0000047.meta,/mnt/poseidon-data/poseidon/workflows/pycbc/search/poseidon/submit/poseidon/pegasus/pycbc-search/run0416/00/00/calculate_psd_ID38_ID0000040.meta,/mnt/poseidon-data/poseidon/workflows/pycbc/search/poseidon/submit/poseidon/pegasus/pycbc-search/run0416/00/00/bank2hdf_ID0_ID0000001.meta,/mnt/poseidon-data/poseidon/workflows/pycbc/search/poseidon/submit/poseidon/pegasus/pycbc-search/run0416/00/00/plot_segments_ID43_ID0000044.meta --insert /mnt/poseidon-data/poseidon/workflows/pycbc/search/poseidon/submit/poseidon/pegasus/pycbc-search/run0416/00/00/register_condorpool_0_0.in",3.2,0,0,,,,,,,,,
optimal_snr_merge_ID127_ID0000136,cpu_3,compute,0,1716442001.0,,,1716442006.0,1716442009.0,1716442026.0,138908762.6,1716442006.0,1716442051.0,1716442037.0,1716442040.0,21513.0,1716442051.0,1716442056.0,5.0,,0.0,45.0,5.0,17.0,1379981312.0,3.0,67932.0,poseidon,condorpool,poseidon-worker-2-container-32-35,optimal_snr_merge_ID127,/usr/local/bin/pycbc_merge_inj_hdf,,2.3,0,0,0.1,24451218.0,94402.0,4708.0,111.0,1.3,1.0,2445121.8,9440.2
register_condorpool_1_0,None,auxiliary,0,1716442016.0,,,1716442021.0,,,0.0,1716442021.0,1716442026.0,,,0.0,1716442026.0,1716442031.0,5.0,,0.0,5.0,5.0,,,,,poseidon,local,poseidon-submit,pegasus::rc-client,/mnt/poseidon-data/poseidon/pegasus-5.1.0panorama/bin/pegasus-rc-client,"pegasus-kickstart  -n pegasus::rc-client -N null -R local  -L pycbc-search -T 2024-03-27T21:26:08+00:00 /home/poseidon/pegasus-5.1.0panorama/bin/pegasus-rc-client --prefix pegasus.catalog.replica.output --conf /mnt/poseidon-data/poseidon/workflows/pycbc/search/poseidon/submit/poseidon/pegasus/pycbc-search/run0416/pegasus.2178129152014731068.properties -v --meta /mnt/poseidon-data/poseidon/workflows/pycbc/search/poseidon/submit/poseidon/pegasus/pycbc-search/run0416/00/00/inj2hdf_ID124_ID0000133.meta,/mnt/poseidon-data/poseidon/workflows/pycbc/search/poseidon/submit/poseidon/pegasus/pycbc-search/run0416/00/00/splitbank_ID1_ID0000002.meta,/mnt/poseidon-data/poseidon/workflows/pycbc/search/poseidon/submit/poseidon/pegasus/pycbc-search/run0416/00/00/plot_range_ID42_ID0000043.meta,/mnt/poseidon-data/poseidon/workflows/pycbc/search/poseidon/submit/poseidon/pegasus/pycbc-search/run0416/00/00/plot_spectrum_ID41_ID0000042.meta,/mnt/poseidon-data/poseidon/workflows/pycbc/search/poseidon/submit/poseidon/pegasus/pycbc-search/run0416/00/00/splitbank_ID1_ID0000131.meta,/mnt/poseidon-data/poseidon/workflows/pycbc/search/poseidon/submit/poseidon/pegasus/pycbc-search/run0416/00/00/plot_bank_ID2_ID0000003.meta --insert /mnt/poseidon-data/poseidon/workflows/pycbc/search/poseidon/submit/poseidon/pegasus/pycbc-search/run0416/00/00/register_condorpool_1_0.in",3.2,0,0,,,,,,,,,
hdf_trigger_merge_ID6_ID0000007,cpu_3,compute,0,1716442111.0,,,1716442116.0,1716442117.0,1716442133.0,133931000.8,1716442116.0,1716442151.0,1716442140.0,1716442143.0,2157900.0,1716442151.0,1716442156.0,5.0,,0.0,35.0,5.0,16.0,1385640395.0,3.0,6262658.0,poseidon,condorpool,poseidon-worker-2-container-32-35,hdf_trigger_merge_ID6,/usr/local/bin/pycbc_coinc_mergetrigs,,1.1,0,0,,,,,,,,,
hdf_trigger_merge_ID6_ID0000008,cpu_3,compute,0,1716442126.0,,,1716442131.0,1716442132.0,1716442148.0,139353850.8,1716442131.0,1716442166.0,1716442155.0,1716442157.0,2028731.0,1716442166.0,1716442171.0,5.0,,0.0,35.0,5.0,16.0,1385234366.0,2.0,5851528.0,poseidon,condorpool,poseidon-worker-2-container-32-35,hdf_trigger_merge_ID6,/usr/local/bin/pycbc_coinc_mergetrigs,,1.1,0,0,,,,,,,,,
hdf_trigger_merge_ID6_ID0000009,None,compute,0,1716442131.0,,,1716442136.0,1716442137.0,1716442154.0,134022232.6,1716442136.0,1716442171.0,1716442160.0,1716442163.0,1822051.0,1716442171.0,1716442176.0,5.0,,0.0,35.0,5.0,17.0,1384856376.0,3.0,5436444.0,poseidon,condorpool,poseidon-worker-1-container-40-43,hdf_trigger_merge_ID6,/usr/local/bin/pycbc_coinc_mergetrigs,,1.1,0,0,,,,,,,,,
fit_by_template_ID9_ID0000010,cpu_3,compute,0,1716442156.0,,,1716442161.0,1716442163.0,1716442179.0,133090060.0,1716442162.0,1716442196.0,1716442187.0,1716442190.0,9089.0,1716442196.0,1716442201.0,5.0,,1.0,34.0,5.0,16.0,1386179721.0,3.0,25432.0,poseidon,condorpool,poseidon-worker-2-container-32-35,fit_by_template_ID9,/usr/local/bin/pycbc_fit_sngls_by_template,,2.4,0,0,,,,,,,,,
fit_by_template_ID9_ID0000012,cpu_3,compute,0,1716442171.0,,,1716442176.0,1716442177.0,1716442193.0,142166330.4,1716442176.0,1716442211.0,1716442202.0,1716442205.0,9090.0,1716442211.0,1716442216.0,5.0,,0.0,35.0,5.0,16.0,1385768591.0,3.0,25432.0,poseidon,condorpool,poseidon-worker-2-container-32-35,fit_by_template_ID9,/usr/local/bin/pycbc_fit_sngls_by_template,,2.5,0,0,,,,,,,,,
plot_gating_ID44_ID0000045,cpu_3,compute,0,1716442176.0,,,1716442181.0,1716442182.0,1716442198.0,144610315.6,1716442181.0,1716442216.0,1716442205.0,1716442208.0,3383.0,1716442216.0,1716442221.0,5.0,,0.0,35.0,5.0,16.0,1397431590.0,3.0,9128.0,poseidon,condorpool,poseidon-worker-1-container-24-27,plot_gating_ID44,/usr/local/bin/pycbc_plot_gating,,2.3,0,0,,,,,,,,,
hdf_trigger_merge_ID6_ID0000141,None,compute,0,1716442176.0,,,1716442181.0,1716442202.0,1716442217.0,140868042.7,1716442201.0,1716442236.0,1716442224.0,1716442226.0,510759.0,1716442236.0,1716442241.0,5.0,,20.0,35.0,5.0,15.0,1380916650.0,2.0,1420398.0,poseidon,condorpool,poseidon-worker-1-container-40-43,hdf_trigger_merge_ID6,/usr/local/bin/pycbc_coinc_mergetrigs,,0.9,0,0,,,,,,,,,
plot_throughput_ID63_ID0000064,None,compute,0,1716442176.0,,,1716442181.0,1716442182.0,1716442199.0,134329430.2,1716442181.0,1716442216.0,1716442208.0,1716442210.0,33250.0,1716442216.0,1716442221.0,5.0,,0.0,35.0,5.0,17.0,1397431590.0,2.0,91076.0,poseidon,condorpool,poseidon-worker-1-container-40-43,plot_throughput_ID63,/usr/local/bin/pycbc_plot_throughput,,3.5,0,0,,,,,,,,,
fit_by_template_ID9_ID0000014,cpu_3,compute,0,1716442176.0,,,1716442181.0,1716442196.0,1716442212.0,139044154.9,1716442196.0,1716442231.0,1716442221.0,1716442224.0,8588.0,1716442231.0,1716442236.0,5.0,,15.0,35.0,5.0,16.0,1385353507.0,3.0,25432.0,poseidon,condorpool,poseidon-worker-2-container-32-35,fit_by_template_ID9,/usr/local/bin/pycbc_fit_sngls_by_template,,2.2,0,0,,,,,,,,,
fit_over_param_ID10_ID0000011,cpu_3,compute,0,1716442201.0,,,1716442206.0,1716442211.0,1716442227.0,137363866.1,1716442211.0,1716442246.0,1716442234.0,1716442237.0,10631.0,1716442246.0,1716442251.0,5.0,,5.0,35.0,5.0,16.0,1379939582.0,3.0,28880.0,poseidon,condorpool,poseidon-worker-2-container-32-35,fit_over_param_ID10,/usr/local/bin/pycbc_fit_sngls_over_multiparam,,1.8,0,0,,,,,,,,,
fit_over_param_ID10_ID0000013,None,compute,0,1716442216.0,,,1716442221.0,1716442223.0,1716442238.0,141019902.7,1716442222.0,1716442256.0,1716442245.0,1716442248.0,10210.0,1716442256.0,1716442261.0,5.0,,1.0,34.0,5.0,15.0,1379939582.0,3.0,28880.0,poseidon,condorpool,poseidon-worker-1-container-40-43,fit_over_param_ID10,/usr/local/bin/pycbc_fit_sngls_over_multiparam,,2.0,0,0,,,,,,,,,
hdf_trigger_merge_ID6_ID0000142,cpu_3,compute,0,1716442221.0,,,1716442226.0,1716442228.0,1716442243.0,142058968.3,1716442227.0,1716442261.0,1716442249.0,1716442252.0,520272.0,1716442261.0,1716442266.0,5.0,,1.0,34.0,5.0,15.0,1380940174.0,3.0,1445929.0,poseidon,condorpool,poseidon-worker-2-container-24-27,hdf_trigger_merge_ID6,/usr/local/bin/pycbc_coinc_mergetrigs,,0.8,0,0,,,,,,,,,
fit_over_param_ID10_ID0000015,cpu_3,compute,0,1716442236.0,,,1716442241.0,1716442242.0,1716442258.0,141250109.2,1716442241.0,1716442276.0,1716442265.0,1716442267.0,10641.0,1716442276.0,1716442281.0,5.0,,0.0,35.0,5.0,16.0,1379939582.0,2.0,28880.0,poseidon,condorpool,poseidon-worker-2-container-32-35,fit_over_param_ID10,/usr/local/bin/pycbc_fit_sngls_over_multiparam,,1.7,0,0,,,,,,,,,
hdf_trigger_merge_ID6_ID0000140,cpu_3,compute,0,1716442276.0,,,1716442281.0,1716442282.0,1716442297.0,141434579.3,1716442281.0,1716442316.0,1716442304.0,1716442306.0,571801.0,1716442316.0,1716442321.0,5.0,,0.0,35.0,5.0,15.0,1381084143.0,2.0,1595134.0,poseidon,condorpool,poseidon-worker-2-container-32-35,hdf_trigger_merge_ID6,/usr/local/bin/pycbc_coinc_mergetrigs,,0.8,0,0,,,,,,,,,
register_condorpool_2_0,None,auxiliary,0,1716442276.0,,,1716442281.0,,,0.0,1716442281.0,1716442286.0,,,0.0,1716442286.0,1716442291.0,5.0,,0.0,5.0,5.0,,,,,poseidon,local,poseidon-submit,pegasus::rc-client,/mnt/poseidon-data/poseidon/pegasus-5.1.0panorama/bin/pegasus-rc-client,"pegasus-kickstart  -n pegasus::rc-client -N null -R local  -L pycbc-search -T 2024-03-27T21:26:08+00:00 /home/poseidon/pegasus-5.1.0panorama/bin/pegasus-rc-client --prefix pegasus.catalog.replica.output --conf /mnt/poseidon-data/poseidon/workflows/pycbc/search/poseidon/submit/poseidon/pegasus/pycbc-search/run0416/pegasus.2178129152014731068.properties -v --meta /mnt/poseidon-data/poseidon/workflows/pycbc/search/poseidon/submit/poseidon/pegasus/pycbc-search/run0416/00/00/inspiral-BBH_INJECTIONS-H1_ID128_ID0000137.meta,/mnt/poseidon-data/poseidon/workflows/pycbc/search/poseidon/submit/poseidon/pegasus/pycbc-search/run0416/00/00/optimal_snr_ID125_ID0000135.meta,/mnt/poseidon-data/poseidon/workflows/pycbc/search/poseidon/submit/poseidon/pegasus/pycbc-search/run0416/00/00/inspiral-FULL_DATA-H1_ID3_ID0000004.meta,/mnt/poseidon-data/poseidon/workflows/pycbc/search/poseidon/submit/poseidon/pegasus/pycbc-search/run0416/00/00/inspiral-FULL_DATA-L1_ID4_ID0000005.meta,/mnt/poseidon-data/poseidon/workflows/pycbc/search/poseidon/submit/poseidon/pegasus/pycbc-search/run0416/00/00/inspiral-BBH_INJECTIONS-L1_ID129_ID0000138.meta,/mnt/poseidon-data/poseidon/workflows/pycbc/search/poseidon/submit/poseidon/pegasus/pycbc-search/run0416/00/00/optimal_snr_ID125_ID0000134.meta,/mnt/poseidon-data/poseidon/workflows/pycbc/search/poseidon/submit/poseidon/pegasus/pycbc-search/run0416/00/00/inspiral-FULL_DATA-V1_ID5_ID0000006.meta,/mnt/poseidon-data/poseidon/workflows/pycbc/search/poseidon/submit/poseidon/pegasus/pycbc-search/run0416/00/00/inspiral-BBH_INJECTIONS-V1_ID130_ID0000139.meta --insert /mnt/poseidon-data/poseidon/workflows/pycbc/search/poseidon/submit/poseidon/pegasus/pycbc-search/run0416/00/00/register_condorpool_2_0.in",3.2,0,0,,,,,,,,,
coinc_ID15_ID0000020,None,compute,0,1716442281.0,,,1716442286.0,1716442302.0,1716442318.0,141724571.2,1716442301.0,1716442366.0,1716442354.0,1716442357.0,9504154.0,1716442366.0,1716442371.0,5.0,,15.0,65.0,5.0,16.0,1400925577.0,3.0,28932251.0,poseidon,condorpool,poseidon-worker-1-container-0-3,coinc_ID15,/usr/local/bin/pycbc_coinc_findtrigs,,30.0,0,0,0.1,198718765.0,28777313.0,34375.0,4125.0,28.5,1.2,3311979.4,959243.8
pegasus-plan_ID0000072,None,subwf,0,1716442281.0,1716442281.0,1716442287.0,1716442291.0,,,0.0,1716442291.0,1716442486.0,,,0.0,,,0.0,6.0,0.0,195.0,,,,,,poseidon,local,poseidon-submit,condor::dagman,/usr/bin/condor_dagman,-p 0  -f -l . -Notification never -Debug 3 -Lockfile L1-SINGLES_MINIFOLLOWUP_FULL_DATA_ALL-1186740100-3400.dag.lock -Dag L1-SINGLES_MINIFOLLOWUP_FULL_DATA_ALL-1186740100-3400.dag -AllowVersionMismatch  -AutoRescue 1 -DoRescueFrom 0,0.0,0,0,,,,,,,,,
sngls_ID23_ID0000153,None,compute,0,1716442281.0,,,1716442286.0,1716442302.0,1716442332.0,56875617.4,1716442301.0,1716442356.0,1716442343.0,1716442346.0,12435.0,1716442356.0,1716442361.0,5.0,,15.0,55.0,5.0,30.0,1390231789.0,3.0,34239.0,poseidon,condorpool,poseidon-worker-1-container-44-47,sngls_ID23,/usr/local/bin/pycbc_sngls_findtrigs,,5.4,0,0,0.0,77939639.0,28374.0,18584.0,26.0,3.7,1.1,7793963.9,2837.4
pegasus-plan_ID0000070,None,subwf,0,1716442281.0,1716442281.0,1716442287.0,1716442291.0,,,0.0,1716442291.0,1716442301.0,,,0.0,,,0.0,6.0,0.0,10.0,,,,,,poseidon,local,poseidon-submit,condor::dagman,/usr/bin/condor_dagman,-p 0  -f -l . -Notification never -Debug 3 -Lockfile L1-SINGLES_MINIFOLLOWUP_FULL_DATA_NONCOINC-1186740100-3400.dag.lock -Dag L1-SINGLES_MINIFOLLOWUP_FULL_DATA_NONCOINC-1186740100-3400.dag -AllowVersionMismatch  -AutoRescue 1 -DoRescueFrom 0,0.0,0,0,,,,,,,,,
sngls_ID23_ID0000151,cpu_3,compute,0,1716442281.0,,,1716442286.0,1716442302.0,1716442324.0,91462880.7,1716442301.0,1716442346.0,1716442338.0,1716442341.0,12921.0,1716442346.0,1716442351.0,5.0,,15.0,45.0,5.0,22.0,1390257320.0,3.0,35409.0,poseidon,condorpool,poseidon-worker-1-container-28-31,sngls_ID23,/usr/local/bin/pycbc_sngls_findtrigs,,6.2,0,0,0.0,46051213.0,28374.0,10130.0,26.0,2.3,1.2,4605121.3,2837.4
pegasus-plan_ID0000066,None,subwf,0,1716442281.0,1716442281.0,1716442287.0,1716442291.0,,,0.0,1716442291.0,1716442301.0,,,0.0,,,0.0,6.0,0.0,10.0,,,,,,poseidon,local,poseidon-submit,condor::dagman,/usr/bin/condor_dagman,-p 0  -f -l . -Notification never -Debug 3 -Lockfile H1-SINGLES_MINIFOLLOWUP_FULL_DATA_NONCOINC-1186740100-3400.dag.lock -Dag H1-SINGLES_MINIFOLLOWUP_FULL_DATA_NONCOINC-1186740100-3400.dag -AllowVersionMismatch  -AutoRescue 1 -DoRescueFrom 0,0.0,0,0,,,,,,,,,
coinc_ID15_ID0000018,None,compute,0,1716442281.0,,,1716442286.0,1716442302.0,1716442320.0,125056687.6,1716442301.0,1716442371.0,1716442360.0,1716442364.0,16129696.0,1716442371.0,1716442376.0,5.0,,15.0,70.0,5.0,18.0,1400510493.0,4.0,51835052.0,poseidon,condorpool,poseidon-worker-2-container-36-39,coinc_ID15,/usr/local/bin/pycbc_coinc_findtrigs,,34.6,0,0,0.2,193675648.0,51566930.0,34439.0,7197.0,32.8,1.6,2766795.0,1289173.2
sngls_ID23_ID0000028,cpu_3,compute,0,1716442281.0,,,1716442286.0,1716442302.0,1716442318.0,141523547.3,1716442301.0,1716442341.0,1716442331.0,1716442334.0,10798.0,1716442341.0,1716442346.0,5.0,,15.0,40.0,5.0,16.0,1395074049.0,3.0,29856.0,poseidon,condorpool,poseidon-worker-1-container-24-27,sngls_ID23,/usr/local/bin/pycbc_sngls_findtrigs,,6.1,0,0,0.0,72841365.0,28374.0,14208.0,26.0,3.3,1.0,7284136.5,2837.4
sngls_ID23_ID0000026,cpu_3,compute,0,1716442281.0,,,1716442286.0,1716442302.0,1716442319.0,128972588.6,1716442301.0,1716442341.0,1716442333.0,1716442335.0,11574.0,1716442341.0,1716442346.0,5.0,,15.0,40.0,5.0,17.0,1394662919.0,2.0,31904.0,poseidon,condorpool,poseidon-worker-2-container-24-27,sngls_ID23,/usr/local/bin/pycbc_sngls_findtrigs,,6.7,0,0,0.1,64735540.0,28374.0,12973.0,26.0,3.2,1.1,6473554.0,2837.4
sngls_ID23_ID0000024,None,compute,0,1716442281.0,,,1716442286.0,1716442302.0,1716442319.0,140325546.8,1716442301.0,1716442341.0,1716442330.0,1716442333.0,11065.0,1716442341.0,1716442346.0,5.0,,15.0,40.0,5.0,17.0,1394247835.0,3.0,31904.0,poseidon,condorpool,poseidon-worker-2-container-44-47,sngls_ID23,/usr/local/bin/pycbc_sngls_findtrigs,,5.8,0,0,0.0,86745333.0,28374.0,18095.0,26.0,3.8,1.1,8674533.3,2837.4
pegasus-plan_ID0000074,None,subwf,0,1716442281.0,1716442281.0,1716442287.0,1716442291.0,,,0.0,1716442291.0,1716442301.0,,,0.0,,,0.0,6.0,0.0,10.0,,,,,,poseidon,local,poseidon-submit,condor::dagman,/usr/bin/condor_dagman,-p 0  -f -l . -Notification never -Debug 3 -Lockfile V1-SINGLES_MINIFOLLOWUP_FULL_DATA_NONCOINC-1186740100-3400.dag.lock -Dag V1-SINGLES_MINIFOLLOWUP_FULL_DATA_NONCOINC-1186740100-3400.dag -AllowVersionMismatch  -AutoRescue 1 -DoRescueFrom 0,0.0,0,0,,,,,,,,,
stage_out_local_condorpool_5_0,None,transfer,0,1716442281.0,,,1716442286.0,,,0.0,1716442286.0,1716442296.0,1716442286.0,1716442290.0,21476.0,1716442296.0,1716442301.0,5.0,,0.0,10.0,5.0,,,4.0,86640.0,poseidon,local,poseidon-submit,pegasus::transfer,/mnt/poseidon-data/poseidon/pegasus-5.1.0panorama/bin/pegasus-transfer,pegasus-kickstart  -n pegasus::transfer -N null -i - -R local  -L pycbc-search -T 2024-03-27T21:26:08+00:00 pegasus-transfer  --threads 2,0.5,0,0,,,,,,,,,
coinc_ID15_ID0000022,cpu_3,compute,0,1716442281.0,,,1716442286.0,1716442302.0,1716442319.0,127929676.0,1716442301.0,1716442401.0,1716442392.0,1716442395.0,268427.0,1716442401.0,1716442406.0,5.0,,15.0,100.0,5.0,17.0,1406362021.0,3.0,742652.0,poseidon,condorpool,poseidon-worker-2-container-32-35,coinc_ID15,/usr/local/bin/pycbc_coinc_findtrigs,,40.3,0,0,0.1,274626731.0,28374.0,48024.0,26.0,35.9,1.9,2112513.3,2837.4
coinc_ID15_ID0000143,None,compute,0,1716442281.0,,,1716442286.0,1716442302.0,1716442319.0,125264311.2,1716442301.0,1716442346.0,1716442335.0,1716442338.0,21592.0,1716442346.0,1716442351.0,5.0,,15.0,45.0,5.0,17.0,1391677718.0,3.0,59581.0,poseidon,condorpool,poseidon-worker-1-container-40-43,coinc_ID15,/usr/local/bin/pycbc_coinc_findtrigs,,10.7,0,0,0.0,138196207.0,28374.0,30667.0,26.0,8.8,1.1,6909810.3,2837.4
pegasus-plan_ID0000068,None,subwf,0,1716442281.0,1716442281.0,1716442287.0,1716442291.0,,,0.0,1716442291.0,1716442486.0,,,0.0,,,0.0,6.0,0.0,195.0,,,,,,poseidon,local,poseidon-submit,condor::dagman,/usr/bin/condor_dagman,-p 0  -f -l . -Notification never -Debug 3 -Lockfile H1-SINGLES_MINIFOLLOWUP_FULL_DATA_ALL-1186740100-3400.dag.lock -Dag H1-SINGLES_MINIFOLLOWUP_FULL_DATA_ALL-1186740100-3400.dag -AllowVersionMismatch  -AutoRescue 1 -DoRescueFrom 0,0.0,0,0,,,,,,,,,
coinc_ID15_ID0000016,None,compute,0,1716442281.0,,,1716442286.0,1716442287.0,1716442304.0,130196933.4,1716442286.0,1716442356.0,1716442345.0,1716442348.0,14835970.0,1716442356.0,1716442361.0,5.0,,0.0,70.0,5.0,17.0,1400099363.0,3.0,47203441.0,poseidon,condorpool,poseidon-worker-1-container-40-43,coinc_ID15,/usr/local/bin/pycbc_coinc_findtrigs,,35.0,0,0,0.1,188512153.0,46935319.0,34436.0,7197.0,33.2,1.6,2693030.8,1173383.0
pegasus-plan_ID0000076,None,subwf,0,1716442281.0,1716442281.0,1716442287.0,1716442291.0,,,0.0,1716442291.0,1716442481.0,,,0.0,,,0.0,6.0,0.0,190.0,,,,,,poseidon,local,poseidon-submit,condor::dagman,/usr/bin/condor_dagman,-p 0  -f -l . -Notification never -Debug 3 -Lockfile V1-SINGLES_MINIFOLLOWUP_FULL_DATA_ALL-1186740100-3400.dag.lock -Dag V1-SINGLES_MINIFOLLOWUP_FULL_DATA_ALL-1186740100-3400.dag -AllowVersionMismatch  -AutoRescue 1 -DoRescueFrom 0,0.0,0,0,,,,,,,,,
create_dir_L1-SINGLES_MINIFOLLOWUP_FULL_DATA_ALL-1186740100-3400.dax_0_condorpool_pegasus-plan_ID0000072,None,auxiliary,0,1716442292.0,,,1716442293.0,,,0.0,1716442296.0,1716442303.0,,,0.0,1716442303.0,1716442308.0,1.0,,3.0,7.0,5.0,,,,,poseidon,local,poseidon-submit,pegasus::dirmanager,/mnt/poseidon-data/poseidon/pegasus-5.1.0panorama/bin/pegasus-transfer,pegasus-kickstart  -n pegasus::dirmanager -N null -i - -R local  -L L1-SINGLES_MINIFOLLOWUP_FULL_DATA_ALL-1186740100-3400 -T 2024-03-13T22:37:56+00:00 pegasus-transfer,0.3,0,0,,,,,,,,,
create_dir_H1-SINGLES_MINIFOLLOWUP_FULL_DATA_ALL-1186740100-3400.dax_0_condorpool_pegasus-plan_ID0000068,None,auxiliary,0,1716442292.0,,,1716442293.0,,,0.0,1716442296.0,1716442303.0,,,0.0,1716442303.0,1716442308.0,1.0,,3.0,7.0,5.0,,,,,poseidon,local,poseidon-submit,pegasus::dirmanager,/mnt/poseidon-data/poseidon/pegasus-5.1.0panorama/bin/pegasus-transfer,pegasus-kickstart  -n pegasus::dirmanager -N null -i - -R local  -L H1-SINGLES_MINIFOLLOWUP_FULL_DATA_ALL-1186740100-3400 -T 2024-03-13T22:37:56+00:00 pegasus-transfer,0.3,0,0,,,,,,,,,
noop_H1-SINGLES_MINIFOLLOWUP_FULL_DATA_NONCOINC-1186740100-3400.dax_0_pegasus-plan_ID0000066,None,compute,0,1716442292.0,,,1716442293.0,,,0.0,,1716442298.0,,,0.0,,,1.0,,,,,,,,,poseidon,local,poseidon-submit,pegasus::noop:1.0,/bin/true,,0.0,0,0,,,,,,,,,
create_dir_V1-SINGLES_MINIFOLLOWUP_FULL_DATA_ALL-1186740100-3400.dax_0_condorpool_pegasus-plan_ID0000076,None,auxiliary,0,1716442292.0,,,1716442293.0,,,0.0,1716442296.0,1716442303.0,,,0.0,1716442303.0,1716442308.0,1.0,,3.0,7.0,5.0,,,,,poseidon,local,poseidon-submit,pegasus::dirmanager,/mnt/poseidon-data/poseidon/pegasus-5.1.0panorama/bin/pegasus-transfer,pegasus-kickstart  -n pegasus::dirmanager -N null -i - -R local  -L V1-SINGLES_MINIFOLLOWUP_FULL_DATA_ALL-1186740100-3400 -T 2024-03-13T22:37:56+00:00 pegasus-transfer,0.3,0,0,,,,,,,,,
noop_V1-SINGLES_MINIFOLLOWUP_FULL_DATA_NONCOINC-1186740100-3400.dax_0_pegasus-plan_ID0000074,None,compute,0,1716442292.0,,,1716442293.0,,,0.0,,1716442298.0,,,0.0,,,1.0,,,,,,,,,poseidon,local,poseidon-submit,pegasus::noop:1.0,/bin/true,,0.0,0,0,,,,,,,,,
noop_L1-SINGLES_MINIFOLLOWUP_FULL_DATA_NONCOINC-1186740100-3400.dax_0_pegasus-plan_ID0000070,None,compute,0,1716442292.0,,,1716442293.0,,,0.0,,1716442298.0,,,0.0,,,1.0,,,,,,,,,poseidon,local,poseidon-submit,pegasus::noop:1.0,/bin/true,,0.0,0,0,,,,,,,,,
register_condorpool_5_0,None,auxiliary,0,1716442301.0,,,1716442306.0,,,0.0,1716442308.0,1716442311.0,,,0.0,1716442311.0,1716442316.0,5.0,,2.0,3.0,5.0,,,,,poseidon,local,poseidon-submit,pegasus::rc-client,/mnt/poseidon-data/poseidon/pegasus-5.1.0panorama/bin/pegasus-rc-client,"pegasus-kickstart  -n pegasus::rc-client -N null -R local  -L pycbc-search -T 2024-03-27T21:26:08+00:00 /home/poseidon/pegasus-5.1.0panorama/bin/pegasus-rc-client --prefix pegasus.catalog.replica.output --conf /mnt/poseidon-data/poseidon/workflows/pycbc/search/poseidon/submit/poseidon/pegasus/pycbc-search/run0416/pegasus.2178129152014731068.properties -v --meta /mnt/poseidon-data/poseidon/workflows/pycbc/search/poseidon/submit/poseidon/pegasus/pycbc-search/run0416/00/00/fit_over_param_ID10_ID0000011.meta,/mnt/poseidon-data/poseidon/workflows/pycbc/search/poseidon/submit/poseidon/pegasus/pycbc-search/run0416/00/01/fit_over_param_ID10_ID0000013.meta,/mnt/poseidon-data/poseidon/workflows/pycbc/search/poseidon/submit/poseidon/pegasus/pycbc-search/run0416/00/01/fit_over_param_ID10_ID0000015.meta --insert /mnt/poseidon-data/poseidon/workflows/pycbc/search/poseidon/submit/poseidon/pegasus/pycbc-search/run0416/00/01/register_condorpool_5_0.in",3.0,0,0,,,,,,,,,
single_template_ID3_ID0000004_pegasus-plan_ID0000076,None,compute,0,1716442308.0,,,1716442313.0,1716442323.0,1716442344.0,96033819.8,1716442322.0,1716442393.0,1716442382.0,1716442385.0,3468563.0,1716442393.0,1716442398.0,5.0,,9.0,71.0,5.0,21.0,1509360080.0,3.0,9945232.0,poseidon,condorpool,poseidon-worker-1-container-20-23,single_template_ID3,/usr/local/bin/pycbc_single_template,,32.4,0,0,0.1,803002571.0,28470.0,4655.0,27.0,24.0,5.7,13383376.2,2847.0
plot_trigger_timeseries_ID1_ID0000003_pegasus-plan_ID0000072,cpu_3,compute,0,1716442308.0,,,1716442313.0,1716442323.0,1716442356.0,58038287.0,1716442322.0,1716442383.0,1716442369.0,1716442372.0,13609.0,1716442383.0,1716442388.0,5.0,,9.0,61.0,5.0,33.0,1385732488.0,3.0,39834.0,poseidon,condorpool,poseidon-worker-2-container-32-35,plot_trigger_timeseries_ID1,/usr/local/bin/pycbc_plot_trigger_timeseries,,2.8,0,0,0.1,26436885.0,63083.0,6702.0,34.0,0.9,1.0,2643688.5,6308.3
page_snglinfo_ID0_ID0000001_pegasus-plan_ID0000072,None,compute,0,1716442308.0,,,1716442313.0,1716442323.0,1716442341.0,114992945.4,1716442322.0,1716442358.0,1716442349.0,1716442352.0,1360.0,1716442358.0,1716442363.0,5.0,,9.0,36.0,5.0,18.0,1385852318.0,3.0,3716.0,poseidon,condorpool,poseidon-worker-1-container-40-43,page_snglinfo_ID0,/usr/local/bin/pycbc_page_snglinfo,,2.8,0,0,,,,,,,,,
plot_waveform_ID5_ID0000006_pegasus-plan_ID0000072,cpu_3,compute,0,1716442308.0,,,1716442313.0,1716442314.0,1716442322.0,182485264.0,1716442313.0,1716442353.0,1716442340.0,1716442343.0,22301.0,1716442353.0,1716442358.0,5.0,,0.0,40.0,5.0,8.0,1379880960.0,3.0,65048.0,poseidon,condorpool,poseidon-worker-2-container-32-35,plot_waveform_ID5,/usr/local/bin/pycbc_plot_waveform,,4.5,0,0,0.1,32806470.0,63083.0,8095.0,34.0,2.3,1.7,1640323.5,6308.3
plot_qscan_ID7_ID0000008_pegasus-plan_ID0000072,cpu_3,compute,0,1716442308.0,,,1716442313.0,1716442323.0,1716442348.0,80463571.9,1716442322.0,1716442383.0,1716442373.0,1716442376.0,120522.0,1716442383.0,1716442388.0,5.0,,9.0,61.0,5.0,25.0,1488780210.0,3.0,336079.0,poseidon,condorpool,poseidon-worker-1-container-28-31,plot_qscan_ID7,/usr/local/bin/pycbc_plot_qscan,,16.4,0,0,0.1,688813163.0,63122.0,8058.0,35.0,9.7,2.1,22960438.8,6312.2
plot_singles_timefreq_ID6_ID0000007_pegasus-plan_ID0000072,None,compute,0,1716442308.0,,,1716442313.0,1716442323.0,1716442356.0,54573310.4,1716442322.0,1716442388.0,1716442378.0,1716442381.0,139824.0,1716442388.0,1716442393.0,5.0,,9.0,66.0,5.0,33.0,1494664928.0,3.0,384961.0,poseidon,condorpool,poseidon-worker-2-container-16-19,plot_singles_timefreq_ID6,/usr/local/bin/pycbc_plot_singles_timefreq,,16.7,0,0,0.1,691950665.0,63552.0,9108.0,45.0,12.5,2.4,23065022.2,3177.6
plot_waveform_ID5_ID0000006_pegasus-plan_ID0000076,cpu_3,compute,0,1716442308.0,,,1716442313.0,1716442323.0,1716442340.0,80740936.0,1716442322.0,1716442363.0,1716442351.0,1716442354.0,25143.0,1716442363.0,1716442368.0,5.0,,9.0,41.0,5.0,17.0,1379880960.0,3.0,68803.0,poseidon,condorpool,poseidon-worker-1-container-24-27,plot_waveform_ID5,/usr/local/bin/pycbc_plot_waveform,,3.8,0,0,0.0,33463112.0,131234.0,8552.0,37.0,1.9,1.6,3346311.2,13123.4
page_snglinfo_ID0_ID0000001_pegasus-plan_ID0000076,None,compute,0,1716442308.0,,,1716442313.0,1716442323.0,1716442344.0,91829307.1,1716442322.0,1716442363.0,1716442352.0,1716442355.0,1363.0,1716442363.0,1716442368.0,5.0,,9.0,41.0,5.0,21.0,1385437234.0,3.0,3717.0,poseidon,condorpool,poseidon-worker-1-container-44-47,page_snglinfo_ID0,/usr/local/bin/pycbc_page_snglinfo,,3.0,0,0,,,,,,,,,
plot_trigger_timeseries_ID1_ID0000003_pegasus-plan_ID0000076,None,compute,0,1716442308.0,,,1716442313.0,1716442323.0,1716442354.0,55838922.4,1716442322.0,1716442373.0,1716442362.0,1716442365.0,6854.0,1716442373.0,1716442378.0,5.0,,9.0,51.0,5.0,31.0,1385317404.0,3.0,18659.0,poseidon,condorpool,poseidon-worker-2-container-12-15,plot_trigger_timeseries_ID1,/usr/local/bin/pycbc_plot_trigger_timeseries,,2.9,0,0,,,,,,,,,
single_template_ID3_ID0000004_pegasus-plan_ID0000072,None,compute,0,1716442308.0,,,1716442313.0,1716442323.0,1716442348.0,76750156.4,1716442322.0,1716442398.0,1716442385.0,1716442388.0,3432640.0,1716442398.0,1716442403.0,5.0,,9.0,76.0,5.0,25.0,1488783581.0,3.0,9945232.0,poseidon,condorpool,poseidon-worker-1-container-0-3,single_template_ID3,/usr/local/bin/pycbc_single_template,,31.2,0,0,0.0,679572585.0,28470.0,4715.0,27.0,24.0,5.9,11326209.7,2847.0
plot_trigger_timeseries_ID1_ID0000002_pegasus-plan_ID0000072,cpu_3,compute,0,1716442308.0,,,1716442313.0,1716442323.0,1716442350.0,64495526.5,1716442322.0,1716442368.0,1716442359.0,1716442362.0,14170.0,1716442368.0,1716442373.0,5.0,,9.0,46.0,5.0,27.0,1385732488.0,3.0,38649.0,poseidon,condorpool,poseidon-worker-2-container-24-27,plot_trigger_timeseries_ID1,/usr/local/bin/pycbc_plot_trigger_timeseries,,3.0,0,0,,,,,,,,,
plot_qscan_ID7_ID0000008_pegasus-plan_ID0000076,None,compute,0,1716442308.0,,,1716442313.0,1716442323.0,1716442340.0,144644022.2,1716442322.0,1716442373.0,1716442363.0,1716442366.0,90343.0,1716442373.0,1716442378.0,5.0,,9.0,51.0,5.0,17.0,1509356709.0,3.0,248893.0,poseidon,condorpool,poseidon-worker-2-container-0-3,plot_qscan_ID7,/usr/local/bin/pycbc_plot_qscan,,18.1,0,0,0.1,812261805.0,63205.0,8028.0,37.0,12.6,2.2,27075393.5,3160.2
plot_singles_timefreq_ID6_ID0000007_pegasus-plan_ID0000076,cpu_3,compute,0,1716442308.0,,,1716442313.0,1716442323.0,1716442352.0,66627682.9,1716442322.0,1716442388.0,1716442375.0,1716442378.0,146572.0,1716442388.0,1716442393.0,5.0,,9.0,66.0,5.0,29.0,1514826343.0,3.0,403987.0,poseidon,condorpool,poseidon-worker-1-container-8-11,plot_singles_timefreq_ID6,/usr/local/bin/pycbc_plot_singles_timefreq,,18.2,0,0,0.0,812357003.0,63385.0,8121.0,41.0,12.5,2.3,27078566.8,3169.2
plot_waveform_ID5_ID0000006_pegasus-plan_ID0000068,None,compute,0,1716442308.0,,,1716442313.0,1716442323.0,1716442339.0,86711224.0,1716442322.0,1716442358.0,1716442349.0,1716442352.0,24877.0,1716442358.0,1716442363.0,5.0,,9.0,36.0,5.0,16.0,1379880960.0,3.0,68607.0,poseidon,condorpool,poseidon-worker-2-container-44-47,plot_waveform_ID5,/usr/local/bin/pycbc_plot_waveform,,4.1,0,0,,,,,,,,,
page_snglinfo_ID0_ID0000001_pegasus-plan_ID0000068,None,compute,0,1716442308.0,,,1716442313.0,1716442323.0,1716442346.0,79821195.1,1716442322.0,1716442363.0,1716442354.0,1716442357.0,1349.0,1716442363.0,1716442368.0,5.0,,9.0,41.0,5.0,23.0,1386263448.0,3.0,3716.0,poseidon,condorpool,poseidon-worker-2-container-36-39,page_snglinfo_ID0,/usr/local/bin/pycbc_page_snglinfo,,2.8,0,0,,,,,,,,,
plot_trigger_timeseries_ID1_ID0000003_pegasus-plan_ID0000068,None,compute,0,1716442308.0,,,1716442313.0,1716442323.0,1716442348.0,70603354.1,1716442322.0,1716442368.0,1716442357.0,1716442360.0,8247.0,1716442368.0,1716442373.0,5.0,,9.0,46.0,5.0,25.0,1386143618.0,3.0,24637.0,poseidon,condorpool,poseidon-worker-1-container-32-35,plot_trigger_timeseries_ID1,/usr/local/bin/pycbc_plot_trigger_timeseries,,3.5,0,0,,,,,,,,,
single_template_ID3_ID0000004_pegasus-plan_ID0000068,None,compute,0,1716442308.0,,,1716442313.0,1716442323.0,1716442350.0,70964089.1,1716442322.0,1716442393.0,1716442385.0,1716442387.0,3471721.0,1716442393.0,1716442398.0,5.0,,9.0,71.0,5.0,27.0,1485631059.0,2.0,9945232.0,poseidon,condorpool,poseidon-worker-2-container-40-43,single_template_ID3,/usr/local/bin/pycbc_single_template,,29.2,0,0,0.0,660623285.0,28470.0,4633.0,27.0,21.0,3.9,13212465.7,2847.0
plot_trigger_timeseries_ID1_ID0000002_pegasus-plan_ID0000068,cpu_3,compute,0,1716442308.0,,,1716442313.0,1716442323.0,1716442351.0,63258461.2,1716442322.0,1716442373.0,1716442359.0,1716442362.0,9963.0,1716442373.0,1716442378.0,5.0,,9.0,51.0,5.0,28.0,1386143618.0,3.0,28015.0,poseidon,condorpool,poseidon-worker-2-container-8-11,plot_trigger_timeseries_ID1,/usr/local/bin/pycbc_plot_trigger_timeseries,,2.9,0,0,,,,,,,,,
plot_qscan_ID7_ID0000008_pegasus-plan_ID0000068,None,compute,0,1716442308.0,,,1716442313.0,1716442323.0,1716442343.0,111832423.6,1716442322.0,1716442373.0,1716442364.0,1716442367.0,112932.0,1716442373.0,1716442378.0,5.0,,9.0,51.0,5.0,20.0,1485627688.0,3.0,312275.0,poseidon,condorpool,poseidon-worker-2-container-28-31,plot_qscan_ID7,/usr/local/bin/pycbc_plot_qscan,,16.5,0,0,0.1,669990557.0,63333.0,8121.0,40.0,12.5,2.3,22333018.6,3166.7
plot_singles_timefreq_ID6_ID0000007_pegasus-plan_ID0000068,cpu_3,compute,0,1716442308.0,,,1716442313.0,1716442323.0,1716442351.0,66353739.3,1716442322.0,1716442383.0,1716442374.0,1716442376.0,140853.0,1716442383.0,1716442388.0,5.0,,9.0,61.0,5.0,28.0,1491923536.0,2.0,389484.0,poseidon,condorpool,poseidon-worker-1-container-16-19,plot_singles_timefreq_ID6,/usr/local/bin/pycbc_plot_singles_timefreq,,16.8,0,0,0.0,673247565.0,63552.0,9108.0,45.0,12.5,2.3,22441585.5,3177.6
plot_trigger_timeseries_ID1_ID0000002_pegasus-plan_ID0000076,cpu_3,compute,0,1716442308.0,,,1716442313.0,1716442323.0,1716442341.0,111215957.8,1716442322.0,1716442358.0,1716442349.0,1716442352.0,5267.0,1716442358.0,1716442363.0,5.0,,9.0,36.0,5.0,18.0,1385317404.0,3.0,14886.0,poseidon,condorpool,poseidon-worker-1-container-36-39,plot_trigger_timeseries_ID1,/usr/local/bin/pycbc_plot_trigger_timeseries,,2.9,0,0,,,,,,,,,
plot_throughput_ID63_ID0000175,cpu_3,compute,0,1716442321.0,,,1716442326.0,1716442345.0,1716442366.0,132199386.8,1716442342.0,1716442391.0,1716442380.0,1716442383.0,29477.0,1716442391.0,1716442396.0,5.0,,16.0,49.0,5.0,21.0,1384342421.0,3.0,89499.0,poseidon,condorpool,poseidon-worker-2-container-32-35,plot_throughput_ID63,/usr/local/bin/pycbc_plot_throughput,,3.6,0,0,0.1,27947288.0,63083.0,6911.0,34.0,1.1,1.1,2794728.8,6308.3
stage_out_local_condorpool_3_0,None,transfer,0,1716442321.0,,,1716442326.0,,,0.0,1716442327.0,1716442341.0,1716442327.0,1716442331.0,5473654.0,1716442341.0,1716442346.0,5.0,,1.0,14.0,5.0,,,4.0,22080023.0,poseidon,local,poseidon-submit,pegasus::transfer,/mnt/poseidon-data/poseidon/pegasus-5.1.0panorama/bin/pegasus-transfer,pegasus-kickstart  -n pegasus::transfer -N null -i - -R local  -L pycbc-search -T 2024-03-27T21:26:08+00:00 pegasus-transfer  --threads 2,0.9,0,0,,,,,,,,,
coinc_ID15_ID0000147,None,compute,0,1716442321.0,,,1716442326.0,1716442339.0,1716442356.0,140295304.8,1716442339.0,1716442381.0,1716442372.0,1716442375.0,21817.0,1716442381.0,1716442386.0,5.0,,13.0,42.0,5.0,17.0,1391826923.0,3.0,59718.0,poseidon,condorpool,poseidon-worker-2-container-44-47,coinc_ID15,/usr/local/bin/pycbc_coinc_findtrigs,,10.7,0,0,0.0,127135519.0,28374.0,30565.0,26.0,8.7,1.2,6356776.0,2837.4
coinc_ID15_ID0000149,cpu_3,compute,0,1716442321.0,,,1716442326.0,1716442342.0,1716442360.0,124772200.1,1716442341.0,1716442391.0,1716442382.0,1716442385.0,19431.0,1716442391.0,1716442396.0,5.0,,15.0,50.0,5.0,18.0,1393272852.0,3.0,53579.0,poseidon,condorpool,poseidon-worker-2-container-24-27,coinc_ID15,/usr/local/bin/pycbc_coinc_findtrigs,,16.4,0,0,0.0,188981685.0,28374.0,43501.0,26.0,13.6,1.1,6299389.5,2837.4
sngls_ID23_ID0000155,None,compute,0,1716442321.0,,,1716442326.0,1716442342.0,1716442360.0,125448354.8,1716442342.0,1716442381.0,1716442371.0,1716442374.0,14768.0,1716442381.0,1716442386.0,5.0,,16.0,39.0,5.0,18.0,1390406525.0,3.0,40989.0,poseidon,condorpool,poseidon-worker-1-container-40-43,sngls_ID23,/usr/local/bin/pycbc_sngls_findtrigs,,5.6,0,0,0.0,65111480.0,28374.0,18006.0,26.0,3.8,1.1,6511148.0,2837.4
coinc_ID15_ID0000145,cpu_3,compute,0,1716442321.0,,,1716442326.0,1716442340.0,1716442357.0,137923745.9,1716442339.0,1716442386.0,1716442374.0,1716442376.0,26239.0,1716442386.0,1716442391.0,5.0,,13.0,47.0,5.0,17.0,1391852454.0,2.0,72253.0,poseidon,condorpool,poseidon-worker-1-container-24-27,coinc_ID15,/usr/local/bin/pycbc_coinc_findtrigs,,10.7,0,0,0.0,128438648.0,28374.0,30684.0,26.0,8.9,1.0,6421932.4,2837.4
sngls_statmap_ID24_ID0000029,cpu_3,compute,0,1716442346.0,,,1716442351.0,1716442352.0,1716442370.0,138257907.1,1716442351.0,1716442386.0,1716442377.0,1716442380.0,62309.0,1716442386.0,1716442391.0,5.0,,0.0,35.0,5.0,18.0,1379910816.0,3.0,170088.0,poseidon,condorpool,poseidon-worker-1-container-28-31,sngls_statmap_ID24,/usr/local/bin/pycbc_sngls_statmap,,2.0,0,0,,,,,,,,,
sngls_statmap_ID24_ID0000027,cpu_3,compute,0,1716442346.0,,,1716442351.0,1716442355.0,1716442373.0,131012250.8,1716442351.0,1716442396.0,1716442384.0,1716442387.0,59617.0,1716442396.0,1716442401.0,5.0,,0.0,45.0,5.0,18.0,1379912864.0,3.0,174184.0,poseidon,condorpool,poseidon-worker-2-container-32-35,sngls_statmap_ID24,/usr/local/bin/pycbc_sngls_statmap,,2.0,0,0,,,,,,,,,
sngls_statmap_ID24_ID0000025,None,compute,0,1716442346.0,,,1716442351.0,1716442352.0,1716442368.0,132251472.8,1716442351.0,1716442386.0,1716442376.0,1716442379.0,31440.0,1716442386.0,1716442391.0,5.0,,0.0,35.0,5.0,16.0,1379912864.0,3.0,86368.0,poseidon,condorpool,poseidon-worker-1-container-40-43,sngls_statmap_ID24,/usr/local/bin/pycbc_sngls_statmap,,2.2,0,0,,,,,,,,,
register_condorpool_3_0,None,auxiliary,0,1716442346.0,,,1716442351.0,,,0.0,1716442351.0,1716442356.0,,,0.0,1716442356.0,1716442361.0,5.0,,0.0,5.0,5.0,,,,,poseidon,local,poseidon-submit,pegasus::rc-client,/mnt/poseidon-data/poseidon/pegasus-5.1.0panorama/bin/pegasus-rc-client,"pegasus-kickstart  -n pegasus::rc-client -N null -R local  -L pycbc-search -T 2024-03-27T21:26:08+00:00 /home/poseidon/pegasus-5.1.0panorama/bin/pegasus-rc-client --prefix pegasus.catalog.replica.output --conf /mnt/poseidon-data/poseidon/workflows/pycbc/search/poseidon/submit/poseidon/pegasus/pycbc-search/run0416/pegasus.2178129152014731068.properties -v --meta /mnt/poseidon-data/poseidon/workflows/pycbc/search/poseidon/submit/poseidon/pegasus/pycbc-search/run0416/00/00/hdf_trigger_merge_ID6_ID0000007.meta,/mnt/poseidon-data/poseidon/workflows/pycbc/search/poseidon/submit/poseidon/pegasus/pycbc-search/run0416/00/00/hdf_trigger_merge_ID6_ID0000140.meta,/mnt/poseidon-data/poseidon/workflows/pycbc/search/poseidon/submit/poseidon/pegasus/pycbc-search/run0416/00/00/optimal_snr_merge_ID127_ID0000136.meta,/mnt/poseidon-data/poseidon/workflows/pycbc/search/poseidon/submit/poseidon/pegasus/pycbc-search/run0416/00/00/hdf_trigger_merge_ID6_ID0000008.meta,/mnt/poseidon-data/poseidon/workflows/pycbc/search/poseidon/submit/poseidon/pegasus/pycbc-search/run0416/00/00/hdf_trigger_merge_ID6_ID0000009.meta,/mnt/poseidon-data/poseidon/workflows/pycbc/search/poseidon/submit/poseidon/pegasus/pycbc-search/run0416/00/00/hdf_trigger_merge_ID6_ID0000142.meta,/mnt/poseidon-data/poseidon/workflows/pycbc/search/poseidon/submit/poseidon/pegasus/pycbc-search/run0416/00/00/hdf_trigger_merge_ID6_ID0000141.meta --insert /mnt/poseidon-data/poseidon/workflows/pycbc/search/poseidon/submit/poseidon/pegasus/pycbc-search/run0416/00/00/register_condorpool_3_0.in",3.1,0,0,,,,,,,,,
statmap_ID16_ID0000017,None,compute,0,1716442361.0,,,1716442366.0,1716442367.0,1716442383.0,138407911.8,1716442366.0,1716442411.0,1716442402.0,1716442404.0,3626475.0,1716442411.0,1716442416.0,5.0,,0.0,45.0,5.0,16.0,1427084401.0,2.0,10392977.0,poseidon,condorpool,poseidon-worker-2-container-36-39,statmap_ID16,/usr/local/bin/pycbc_coinc_statmap,,12.8,0,0,0.0,69854970.0,28374.0,11299.0,26.0,8.1,1.8,3492748.5,2837.4
statmap_ID16_ID0000021,cpu_3,compute,0,1716442371.0,,,1716442376.0,1716442378.0,1716442394.0,127323971.4,1716442377.0,1716442421.0,1716442408.0,1716442411.0,3644879.0,1716442421.0,1716442426.0,5.0,,1.0,44.0,5.0,16.0,1408813211.0,3.0,10468099.0,poseidon,condorpool,poseidon-worker-1-container-24-27,statmap_ID16,/usr/local/bin/pycbc_coinc_statmap,,8.3,0,0,0.0,51580421.0,28374.0,8166.0,26.0,3.6,1.3,5158042.1,2837.4
statmap_ID16_ID0000019,None,compute,0,1716442376.0,,,1716442381.0,1716442382.0,1716442398.0,145628964.3,1716442382.0,1716442431.0,1716442418.0,1716442421.0,3414086.0,1716442431.0,1716442436.0,5.0,,1.0,49.0,5.0,16.0,1431716012.0,3.0,10418196.0,poseidon,condorpool,poseidon-worker-2-container-0-3,statmap_ID16,/usr/local/bin/pycbc_coinc_statmap,,14.5,0,0,0.0,74489092.0,28374.0,11306.0,26.0,7.9,2.0,3724454.6,2837.4
register_condorpool_6_1,None,auxiliary,0,1716442386.0,,,1716442391.0,,,0.0,1716442391.0,1716442396.0,,,0.0,1716442396.0,1716442401.0,5.0,,0.0,5.0,5.0,,,,,poseidon,local,poseidon-submit,pegasus::rc-client,/mnt/poseidon-data/poseidon/pegasus-5.1.0panorama/bin/pegasus-rc-client,"pegasus-kickstart  -n pegasus::rc-client -N null -R local  -L pycbc-search -T 2024-03-27T21:26:08+00:00 /home/poseidon/pegasus-5.1.0panorama/bin/pegasus-rc-client --prefix pegasus.catalog.replica.output --conf /mnt/poseidon-data/poseidon/workflows/pycbc/search/poseidon/submit/poseidon/pegasus/pycbc-search/run0416/pegasus.2178129152014731068.properties -v --meta /mnt/poseidon-data/poseidon/workflows/pycbc/search/poseidon/submit/poseidon/pegasus/pycbc-search/run0416/00/01/sngls_ID23_ID0000151.meta,/mnt/poseidon-data/poseidon/workflows/pycbc/search/poseidon/submit/poseidon/pegasus/pycbc-search/run0416/00/01/coinc_ID15_ID0000147.meta,/mnt/poseidon-data/poseidon/workflows/pycbc/search/poseidon/submit/poseidon/pegasus/pycbc-search/run0416/00/01/coinc_ID15_ID0000020.meta,/mnt/poseidon-data/poseidon/workflows/pycbc/search/poseidon/submit/poseidon/pegasus/pycbc-search/run0416/00/01/coinc_ID15_ID0000143.meta,/mnt/poseidon-data/poseidon/workflows/pycbc/search/poseidon/submit/poseidon/pegasus/pycbc-search/run0416/00/01/coinc_ID15_ID0000018.meta,/mnt/poseidon-data/poseidon/workflows/pycbc/search/poseidon/submit/poseidon/pegasus/pycbc-search/run0416/00/01/sngls_ID23_ID0000155.meta,/mnt/poseidon-data/poseidon/workflows/pycbc/search/poseidon/submit/poseidon/pegasus/pycbc-search/run0416/00/01/sngls_ID23_ID0000026.meta --insert /mnt/poseidon-data/poseidon/workflows/pycbc/search/poseidon/submit/poseidon/pegasus/pycbc-search/run0416/00/01/register_condorpool_6_1.in",3.4,0,0,,,,,,,,,
stage_out_local_condorpool_0_0_pegasus-plan_ID0000068,None,transfer,0,1716442388.0,,,1716442393.0,,,0.0,1716442393.0,1716442403.0,1716442393.0,1716442397.0,204893.0,1716442403.0,1716442408.0,5.0,,0.0,10.0,5.0,,,4.0,826734.0,poseidon,local,poseidon-submit,pegasus::transfer,/mnt/poseidon-data/poseidon/pegasus-5.1.0panorama/bin/pegasus-transfer,/home/poseidon/pegasus-5.1.0panorama/bin/../bin/pegasus-kickstart  -n pegasus::transfer -N null -i - -R local  -L H1-SINGLES_MINIFOLLOWUP_FULL_DATA_ALL-1186740100-3400 -T 2024-03-13T22:37:56+00:00 /home/poseidon/pegasus-5.1.0panorama/bin/../bin/pegasus-transfer  --threads 2,0.8,0,0,,,,,,,,,
stage_out_local_condorpool_0_0_pegasus-plan_ID0000076,None,transfer,0,1716442393.0,,,1716442398.0,,,0.0,1716442402.0,1716442413.0,1716442403.0,1716442407.0,187857.0,1716442413.0,1716442418.0,5.0,,4.0,11.0,5.0,,,4.0,758945.0,poseidon,local,poseidon-submit,pegasus::transfer,/mnt/poseidon-data/poseidon/pegasus-5.1.0panorama/bin/pegasus-transfer,/home/poseidon/pegasus-5.1.0panorama/bin/../bin/pegasus-kickstart  -n pegasus::transfer -N null -i - -R local  -L V1-SINGLES_MINIFOLLOWUP_FULL_DATA_ALL-1186740100-3400 -T 2024-03-13T22:37:56+00:00 /home/poseidon/pegasus-5.1.0panorama/bin/../bin/pegasus-transfer  --threads 2,0.8,0,0,,,,,,,,,
stage_out_local_condorpool_0_0_pegasus-plan_ID0000072,None,transfer,0,1716442393.0,,,1716442398.0,,,0.0,1716442402.0,1716442413.0,1716442403.0,1716442407.0,215079.0,1716442413.0,1716442418.0,5.0,,4.0,11.0,5.0,,,4.0,868287.0,poseidon,local,poseidon-submit,pegasus::transfer,/mnt/poseidon-data/poseidon/pegasus-5.1.0panorama/bin/pegasus-transfer,/home/poseidon/pegasus-5.1.0panorama/bin/../bin/pegasus-kickstart  -n pegasus::transfer -N null -i - -R local  -L L1-SINGLES_MINIFOLLOWUP_FULL_DATA_ALL-1186740100-3400 -T 2024-03-13T22:37:56+00:00 /home/poseidon/pegasus-5.1.0panorama/bin/../bin/pegasus-transfer  --threads 2,0.8,0,0,,,,,,,,,
stage_out_local_condorpool_4_0,None,transfer,0,1716442396.0,,,1716442401.0,,,0.0,1716442402.0,1716442416.0,1716442403.0,1716442407.0,65831.0,1716442416.0,1716442421.0,5.0,,1.0,14.0,5.0,,,4.0,265999.0,poseidon,local,poseidon-submit,pegasus::transfer,/mnt/poseidon-data/poseidon/pegasus-5.1.0panorama/bin/pegasus-transfer,pegasus-kickstart  -n pegasus::transfer -N null -i - -R local  -L pycbc-search -T 2024-03-27T21:26:08+00:00 pegasus-transfer  --threads 2,0.8,0,0,,,,,,,,,
single_template_plot_ID4_ID0000005_pegasus-plan_ID0000068,None,compute,0,1716442398.0,,,1716442403.0,1716442404.0,1716442420.0,143969348.1,1716442404.0,1716442438.0,1716442428.0,1716442431.0,40131.0,1716442438.0,1716442443.0,5.0,,1.0,34.0,5.0,16.0,1389826192.0,3.0,110789.0,poseidon,condorpool,poseidon-worker-2-container-16-19,single_template_plot_ID4,/usr/local/bin/pycbc_single_template_plot,,2.8,0,0,,,,,,,,,
single_template_plot_ID4_ID0000005_pegasus-plan_ID0000076,cpu_3,compute,0,1716442398.0,,,1716442403.0,1716442404.0,1716442420.0,138322140.6,1716442404.0,1716442438.0,1716442428.0,1716442431.0,48355.0,1716442438.0,1716442443.0,5.0,,1.0,34.0,5.0,16.0,1389826192.0,3.0,132875.0,poseidon,condorpool,poseidon-worker-2-container-32-35,single_template_plot_ID4,/usr/local/bin/pycbc_single_template_plot,,2.7,0,0,,,,,,,,,
single_template_plot_ID4_ID0000005_pegasus-plan_ID0000072,None,compute,0,1716442403.0,,,1716442408.0,1716442409.0,1716442425.0,143778338.6,1716442409.0,1716442443.0,1716442433.0,1716442436.0,45247.0,1716442443.0,1716442448.0,5.0,,1.0,34.0,5.0,16.0,1389826192.0,3.0,125403.0,poseidon,condorpool,poseidon-worker-1-container-40-43,single_template_plot_ID4,/usr/local/bin/pycbc_single_template_plot,,2.9,0,0,,,,,,,,,
register_condorpool_6_0,None,auxiliary,0,1716442406.0,,,1716442411.0,,,0.0,1716442412.0,1716442416.0,,,0.0,1716442416.0,1716442421.0,5.0,,1.0,4.0,5.0,,,,,poseidon,local,poseidon-submit,pegasus::rc-client,/mnt/poseidon-data/poseidon/pegasus-5.1.0panorama/bin/pegasus-rc-client,"pegasus-kickstart  -n pegasus::rc-client -N null -R local  -L pycbc-search -T 2024-03-27T21:26:08+00:00 /home/poseidon/pegasus-5.1.0panorama/bin/pegasus-rc-client --prefix pegasus.catalog.replica.output --conf /mnt/poseidon-data/poseidon/workflows/pycbc/search/poseidon/submit/poseidon/pegasus/pycbc-search/run0416/pegasus.2178129152014731068.properties -v --meta /mnt/poseidon-data/poseidon/workflows/pycbc/search/poseidon/submit/poseidon/pegasus/pycbc-search/run0416/00/01/coinc_ID15_ID0000016.meta,/mnt/poseidon-data/poseidon/workflows/pycbc/search/poseidon/submit/poseidon/pegasus/pycbc-search/run0416/00/01/sngls_ID23_ID0000028.meta,/mnt/poseidon-data/poseidon/workflows/pycbc/search/poseidon/submit/poseidon/pegasus/pycbc-search/run0416/00/01/coinc_ID15_ID0000022.meta,/mnt/poseidon-data/poseidon/workflows/pycbc/search/poseidon/submit/poseidon/pegasus/pycbc-search/run0416/00/01/sngls_ID23_ID0000153.meta,/mnt/poseidon-data/poseidon/workflows/pycbc/search/poseidon/submit/poseidon/pegasus/pycbc-search/run0416/00/01/coinc_ID15_ID0000145.meta,/mnt/poseidon-data/poseidon/workflows/pycbc/search/poseidon/submit/poseidon/pegasus/pycbc-search/run0416/00/01/coinc_ID15_ID0000149.meta,/mnt/poseidon-data/poseidon/workflows/pycbc/search/poseidon/submit/poseidon/pegasus/pycbc-search/run0416/00/01/sngls_ID23_ID0000024.meta --insert /mnt/poseidon-data/poseidon/workflows/pycbc/search/poseidon/submit/poseidon/pegasus/pycbc-search/run0416/00/01/register_condorpool_6_0.in",3.1,0,0,,,,,,,,,
statmap_ID16_ID0000023,None,compute,0,1716442406.0,,,1716442411.0,1716442413.0,1716442429.0,134366967.6,1716442412.0,1716442446.0,1716442436.0,1716442439.0,547124.0,1716442446.0,1716442451.0,5.0,,1.0,34.0,5.0,16.0,1380623612.0,3.0,1527328.0,poseidon,condorpool,poseidon-worker-2-container-36-39,statmap_ID16,/usr/local/bin/pycbc_coinc_statmap,,2.2,0,0,,,,,,,,,
register_condorpool_0_0_pegasus-plan_ID0000068,None,auxiliary,0,1716442408.0,,,1716442413.0,,,0.0,1716442414.0,1716442418.0,,,0.0,1716442418.0,1716442423.0,5.0,,1.0,4.0,5.0,,,,,poseidon,local,poseidon-submit,pegasus::rc-client,/mnt/poseidon-data/poseidon/pegasus-5.1.0panorama/bin/pegasus-rc-client,"-n pegasus::rc-client -N null -R local  -L H1-SINGLES_MINIFOLLOWUP_FULL_DATA_ALL-1186740100-3400 -T 2024-03-13T22:37:56+00:00 /home/poseidon/pegasus-5.1.0panorama/bin/pegasus-rc-client --prefix pegasus.catalog.replica.output --conf /mnt/poseidon-data/poseidon/workflows/pycbc/search/poseidon/submit/poseidon/pegasus/pycbc-search/run0416/00/01/./H1-SINGLES_MINIFOLLOWUP_FULL_DATA_ALL-1186740100-3400.dax_ID0000068.000/pegasus.7793271383451475095.properties -v --meta /mnt/poseidon-data/poseidon/workflows/pycbc/search/poseidon/submit/poseidon/pegasus/pycbc-search/run0416/00/01/./H1-SINGLES_MINIFOLLOWUP_FULL_DATA_ALL-1186740100-3400.dax_ID0000068.000/00/00/plot_qscan_ID7_ID0000008.meta,/mnt/poseidon-data/poseidon/workflows/pycbc/search/poseidon/submit/poseidon/pegasus/pycbc-search/run0416/00/01/./H1-SINGLES_MINIFOLLOWUP_FULL_DATA_ALL-1186740100-3400.dax_ID0000068.000/00/00/plot_waveform_ID5_ID0000006.meta,/mnt/poseidon-data/poseidon/workflows/pycbc/search/poseidon/submit/poseidon/pegasus/pycbc-search/run0416/00/01/./H1-SINGLES_MINIFOLLOWUP_FULL_DATA_ALL-1186740100-3400.dax_ID0000068.000/00/00/plot_singles_timefreq_ID6_ID0000007.meta,/mnt/poseidon-data/poseidon/workflows/pycbc/search/poseidon/submit/poseidon/pegasus/pycbc-search/run0416/00/01/./H1-SINGLES_MINIFOLLOWUP_FULL_DATA_ALL-1186740100-3400.dax_ID0000068.000/00/00/plot_trigger_timeseries_ID1_ID0000003.meta,/mnt/poseidon-data/poseidon/workflows/pycbc/search/poseidon/submit/poseidon/pegasus/pycbc-search/run0416/00/01/./H1-SINGLES_MINIFOLLOWUP_FULL_DATA_ALL-1186740100-3400.dax_ID0000068.000/00/00/page_snglinfo_ID0_ID0000001.meta,/mnt/poseidon-data/poseidon/workflows/pycbc/search/poseidon/submit/poseidon/pegasus/pycbc-search/run0416/00/01/./H1-SINGLES_MINIFOLLOWUP_FULL_DATA_ALL-1186740100-3400.dax_ID0000068.000/00/00/single_template_ID3_ID0000004.meta,/mnt/poseidon-data/poseidon/workflows/pycbc/search/poseidon/submit/poseidon/pegasus/pycbc-search/run0416/00/01/./H1-SINGLES_MINIFOLLOWUP_FULL_DATA_ALL-1186740100-3400.dax_ID0000068.000/00/00/plot_trigger_timeseries_ID1_ID0000002.meta --insert /mnt/poseidon-data/poseidon/workflows/pycbc/search/poseidon/submit/poseidon/pegasus/pycbc-search/run0416/00/01/./H1-SINGLES_MINIFOLLOWUP_FULL_DATA_ALL-1186740100-3400.dax_ID0000068.000/00/00/register_condorpool_0_0.in",3.2,0,0,,,,,,,,,
register_condorpool_0_0_pegasus-plan_ID0000076,None,auxiliary,0,1716442418.0,,,1716442423.0,,,0.0,1716442424.0,1716442428.0,,,0.0,1716442428.0,1716442433.0,5.0,,1.0,4.0,5.0,,,,,poseidon,local,poseidon-submit,pegasus::rc-client,/mnt/poseidon-data/poseidon/pegasus-5.1.0panorama/bin/pegasus-rc-client,"-n pegasus::rc-client -N null -R local  -L V1-SINGLES_MINIFOLLOWUP_FULL_DATA_ALL-1186740100-3400 -T 2024-03-13T22:37:56+00:00 /home/poseidon/pegasus-5.1.0panorama/bin/pegasus-rc-client --prefix pegasus.catalog.replica.output --conf /mnt/poseidon-data/poseidon/workflows/pycbc/search/poseidon/submit/poseidon/pegasus/pycbc-search/run0416/00/01/./V1-SINGLES_MINIFOLLOWUP_FULL_DATA_ALL-1186740100-3400.dax_ID0000076.000/pegasus.18252046222405382927.properties -v --meta /mnt/poseidon-data/poseidon/workflows/pycbc/search/poseidon/submit/poseidon/pegasus/pycbc-search/run0416/00/01/./V1-SINGLES_MINIFOLLOWUP_FULL_DATA_ALL-1186740100-3400.dax_ID0000076.000/00/00/page_snglinfo_ID0_ID0000001.meta,/mnt/poseidon-data/poseidon/workflows/pycbc/search/poseidon/submit/poseidon/pegasus/pycbc-search/run0416/00/01/./V1-SINGLES_MINIFOLLOWUP_FULL_DATA_ALL-1186740100-3400.dax_ID0000076.000/00/00/plot_trigger_timeseries_ID1_ID0000003.meta,/mnt/poseidon-data/poseidon/workflows/pycbc/search/poseidon/submit/poseidon/pegasus/pycbc-search/run0416/00/01/./V1-SINGLES_MINIFOLLOWUP_FULL_DATA_ALL-1186740100-3400.dax_ID0000076.000/00/00/plot_trigger_timeseries_ID1_ID0000002.meta,/mnt/poseidon-data/poseidon/workflows/pycbc/search/poseidon/submit/poseidon/pegasus/pycbc-search/run0416/00/01/./V1-SINGLES_MINIFOLLOWUP_FULL_DATA_ALL-1186740100-3400.dax_ID0000076.000/00/00/single_template_ID3_ID0000004.meta,/mnt/poseidon-data/poseidon/workflows/pycbc/search/poseidon/submit/poseidon/pegasus/pycbc-search/run0416/00/01/./V1-SINGLES_MINIFOLLOWUP_FULL_DATA_ALL-1186740100-3400.dax_ID0000076.000/00/00/plot_qscan_ID7_ID0000008.meta,/mnt/poseidon-data/poseidon/workflows/pycbc/search/poseidon/submit/poseidon/pegasus/pycbc-search/run0416/00/01/./V1-SINGLES_MINIFOLLOWUP_FULL_DATA_ALL-1186740100-3400.dax_ID0000076.000/00/00/plot_waveform_ID5_ID0000006.meta,/mnt/poseidon-data/poseidon/workflows/pycbc/search/poseidon/submit/poseidon/pegasus/pycbc-search/run0416/00/01/./V1-SINGLES_MINIFOLLOWUP_FULL_DATA_ALL-1186740100-3400.dax_ID0000076.000/00/00/plot_singles_timefreq_ID6_ID0000007.meta --insert /mnt/poseidon-data/poseidon/workflows/pycbc/search/poseidon/submit/poseidon/pegasus/pycbc-search/run0416/00/01/./V1-SINGLES_MINIFOLLOWUP_FULL_DATA_ALL-1186740100-3400.dax_ID0000076.000/00/00/register_condorpool_0_0.in",3.2,0,0,,,,,,,,,
register_condorpool_0_0_pegasus-plan_ID0000072,None,auxiliary,0,1716442418.0,,,1716442423.0,,,0.0,1716442424.0,1716442428.0,,,0.0,1716442428.0,1716442433.0,5.0,,1.0,4.0,5.0,,,,,poseidon,local,poseidon-submit,pegasus::rc-client,/mnt/poseidon-data/poseidon/pegasus-5.1.0panorama/bin/pegasus-rc-client,"-n pegasus::rc-client -N null -R local  -L L1-SINGLES_MINIFOLLOWUP_FULL_DATA_ALL-1186740100-3400 -T 2024-03-13T22:37:56+00:00 /home/poseidon/pegasus-5.1.0panorama/bin/pegasus-rc-client --prefix pegasus.catalog.replica.output --conf /mnt/poseidon-data/poseidon/workflows/pycbc/search/poseidon/submit/poseidon/pegasus/pycbc-search/run0416/00/01/./L1-SINGLES_MINIFOLLOWUP_FULL_DATA_ALL-1186740100-3400.dax_ID0000072.000/pegasus.14870527033351313185.properties -v --meta /mnt/poseidon-data/poseidon/workflows/pycbc/search/poseidon/submit/poseidon/pegasus/pycbc-search/run0416/00/01/./L1-SINGLES_MINIFOLLOWUP_FULL_DATA_ALL-1186740100-3400.dax_ID0000072.000/00/00/plot_qscan_ID7_ID0000008.meta,/mnt/poseidon-data/poseidon/workflows/pycbc/search/poseidon/submit/poseidon/pegasus/pycbc-search/run0416/00/01/./L1-SINGLES_MINIFOLLOWUP_FULL_DATA_ALL-1186740100-3400.dax_ID0000072.000/00/00/plot_waveform_ID5_ID0000006.meta,/mnt/poseidon-data/poseidon/workflows/pycbc/search/poseidon/submit/poseidon/pegasus/pycbc-search/run0416/00/01/./L1-SINGLES_MINIFOLLOWUP_FULL_DATA_ALL-1186740100-3400.dax_ID0000072.000/00/00/plot_singles_timefreq_ID6_ID0000007.meta,/mnt/poseidon-data/poseidon/workflows/pycbc/search/poseidon/submit/poseidon/pegasus/pycbc-search/run0416/00/01/./L1-SINGLES_MINIFOLLOWUP_FULL_DATA_ALL-1186740100-3400.dax_ID0000072.000/00/00/plot_trigger_timeseries_ID1_ID0000003.meta,/mnt/poseidon-data/poseidon/workflows/pycbc/search/poseidon/submit/poseidon/pegasus/pycbc-search/run0416/00/01/./L1-SINGLES_MINIFOLLOWUP_FULL_DATA_ALL-1186740100-3400.dax_ID0000072.000/00/00/page_snglinfo_ID0_ID0000001.meta,/mnt/poseidon-data/poseidon/workflows/pycbc/search/poseidon/submit/poseidon/pegasus/pycbc-search/run0416/00/01/./L1-SINGLES_MINIFOLLOWUP_FULL_DATA_ALL-1186740100-3400.dax_ID0000072.000/00/00/single_template_ID3_ID0000004.meta,/mnt/poseidon-data/poseidon/workflows/pycbc/search/poseidon/submit/poseidon/pegasus/pycbc-search/run0416/00/01/./L1-SINGLES_MINIFOLLOWUP_FULL_DATA_ALL-1186740100-3400.dax_ID0000072.000/00/00/plot_trigger_timeseries_ID1_ID0000002.meta --insert /mnt/poseidon-data/poseidon/workflows/pycbc/search/poseidon/submit/poseidon/pegasus/pycbc-search/run0416/00/01/./L1-SINGLES_MINIFOLLOWUP_FULL_DATA_ALL-1186740100-3400.dax_ID0000072.000/00/00/register_condorpool_0_0.in",3.1,0,0,,,,,,,,,
register_condorpool_4_0,None,auxiliary,0,1716442421.0,,,1716442426.0,,,0.0,1716442426.0,1716442431.0,,,0.0,1716442431.0,1716442436.0,5.0,,0.0,5.0,5.0,,,,,poseidon,local,poseidon-submit,pegasus::rc-client,/mnt/poseidon-data/poseidon/pegasus-5.1.0panorama/bin/pegasus-rc-client,"pegasus-kickstart  -n pegasus::rc-client -N null -R local  -L pycbc-search -T 2024-03-27T21:26:08+00:00 /home/poseidon/pegasus-5.1.0panorama/bin/pegasus-rc-client --prefix pegasus.catalog.replica.output --conf /mnt/poseidon-data/poseidon/workflows/pycbc/search/poseidon/submit/poseidon/pegasus/pycbc-search/run0416/pegasus.2178129152014731068.properties -v --meta /mnt/poseidon-data/poseidon/workflows/pycbc/search/poseidon/submit/poseidon/pegasus/pycbc-search/run0416/00/00/fit_by_template_ID9_ID0000014.meta,/mnt/poseidon-data/poseidon/workflows/pycbc/search/poseidon/submit/poseidon/pegasus/pycbc-search/run0416/00/00/plot_throughput_ID63_ID0000064.meta,/mnt/poseidon-data/poseidon/workflows/pycbc/search/poseidon/submit/poseidon/pegasus/pycbc-search/run0416/00/00/plot_throughput_ID63_ID0000175.meta,/mnt/poseidon-data/poseidon/workflows/pycbc/search/poseidon/submit/poseidon/pegasus/pycbc-search/run0416/00/00/plot_gating_ID44_ID0000045.meta,/mnt/poseidon-data/poseidon/workflows/pycbc/search/poseidon/submit/poseidon/pegasus/pycbc-search/run0416/00/00/fit_by_template_ID9_ID0000012.meta,/mnt/poseidon-data/poseidon/workflows/pycbc/search/poseidon/submit/poseidon/pegasus/pycbc-search/run0416/00/00/fit_by_template_ID9_ID0000010.meta --insert /mnt/poseidon-data/poseidon/workflows/pycbc/search/poseidon/submit/poseidon/pegasus/pycbc-search/run0416/00/01/register_condorpool_4_0.in",3.2,0,0,,,,,,,,,
stage_out_local_condorpool_1_0_pegasus-plan_ID0000068,None,transfer,0,1716442443.0,,,1716442448.0,,,0.0,1716442453.0,1716442463.0,1716442453.0,1716442455.0,51814.0,1716442463.0,1716442468.0,5.0,,5.0,10.0,5.0,,,2.0,110789.0,poseidon,local,poseidon-submit,pegasus::transfer,/mnt/poseidon-data/poseidon/pegasus-5.1.0panorama/bin/pegasus-transfer,/home/poseidon/pegasus-5.1.0panorama/bin/../bin/pegasus-kickstart  -n pegasus::transfer -N null -i - -R local  -L H1-SINGLES_MINIFOLLOWUP_FULL_DATA_ALL-1186740100-3400 -T 2024-03-13T22:37:56+00:00 /home/poseidon/pegasus-5.1.0panorama/bin/../bin/pegasus-transfer  --threads 2,0.4,0,0,,,,,,,,,
stage_out_local_condorpool_1_0_pegasus-plan_ID0000076,None,transfer,0,1716442443.0,,,1716442448.0,,,0.0,1716442448.0,1716442458.0,1716442448.0,1716442450.0,62479.0,1716442458.0,1716442463.0,5.0,,0.0,10.0,5.0,,,2.0,132875.0,poseidon,local,poseidon-submit,pegasus::transfer,/mnt/poseidon-data/poseidon/pegasus-5.1.0panorama/bin/pegasus-transfer,/home/poseidon/pegasus-5.1.0panorama/bin/../bin/pegasus-kickstart  -n pegasus::transfer -N null -i - -R local  -L V1-SINGLES_MINIFOLLOWUP_FULL_DATA_ALL-1186740100-3400 -T 2024-03-13T22:37:56+00:00 /home/poseidon/pegasus-5.1.0panorama/bin/../bin/pegasus-transfer  --threads 2,0.4,0,0,,,,,,,,,
stage_out_local_condorpool_1_0_pegasus-plan_ID0000072,None,transfer,0,1716442448.0,,,1716442453.0,,,0.0,1716442455.0,1716442463.0,1716442456.0,1716442458.0,58957.0,1716442463.0,1716442468.0,5.0,,2.0,8.0,5.0,,,2.0,125403.0,poseidon,local,poseidon-submit,pegasus::transfer,/mnt/poseidon-data/poseidon/pegasus-5.1.0panorama/bin/pegasus-transfer,/home/poseidon/pegasus-5.1.0panorama/bin/../bin/pegasus-kickstart  -n pegasus::transfer -N null -i - -R local  -L L1-SINGLES_MINIFOLLOWUP_FULL_DATA_ALL-1186740100-3400 -T 2024-03-13T22:37:56+00:00 /home/poseidon/pegasus-5.1.0panorama/bin/../bin/pegasus-transfer  --threads 2,0.4,0,0,,,,,,,,,
exclude_zerolag_ID29_ID0000036,None,compute,0,1716442451.0,,,1716442456.0,1716442463.0,1716442480.0,130873265.8,1716442462.0,1716442496.0,1716442488.0,1716442491.0,24272.0,1716442496.0,1716442501.0,5.0,,6.0,34.0,5.0,17.0,1413118200.0,3.0,66504.0,poseidon,condorpool,poseidon-worker-2-container-36-39,exclude_zerolag_ID29,/usr/local/bin/pycbc_exclude_zerolag,,2.1,0,0,,,,,,,,,
exclude_zerolag_ID29_ID0000030,None,compute,0,1716442451.0,,,1716442456.0,1716442457.0,1716442474.0,128054690.0,1716442456.0,1716442491.0,1716442482.0,1716442485.0,9738557.0,1716442491.0,1716442496.0,5.0,,0.0,35.0,5.0,17.0,1413118200.0,3.0,29654520.0,poseidon,condorpool,poseidon-worker-2-container-36-39,exclude_zerolag_ID29,/usr/local/bin/pycbc_exclude_zerolag,,2.3,0,0,,,,,,,,,
exclude_zerolag_ID29_ID0000033,cpu_3,compute,0,1716442451.0,,,1716442456.0,1716442457.0,1716442474.0,137821855.6,1716442456.0,1716442491.0,1716442481.0,1716442484.0,1358149.0,1716442491.0,1716442496.0,5.0,,0.0,35.0,5.0,17.0,1413118200.0,3.0,3818376.0,poseidon,condorpool,poseidon-worker-2-container-32-35,exclude_zerolag_ID29,/usr/local/bin/pycbc_exclude_zerolag,,1.9,0,0,,,,,,,,,
stage_out_local_condorpool_7_0,None,transfer,0,1716442451.0,,,1716442456.0,,,0.0,1716442459.0,1716442471.0,1716442459.0,1716442463.0,8236195.0,1716442471.0,1716442476.0,5.0,,3.0,12.0,5.0,,,4.0,33237240.0,poseidon,local,poseidon-submit,pegasus::transfer,/mnt/poseidon-data/poseidon/pegasus-5.1.0panorama/bin/pegasus-transfer,pegasus-kickstart  -n pegasus::transfer -N null -i - -R local  -L pycbc-search -T 2024-03-27T21:26:08+00:00 pegasus-transfer  --threads 2,1.0,0,0,,,,,,,,,
exclude_zerolag_ID29_ID0000034,None,compute,0,1716442451.0,,,1716442456.0,1716442457.0,1716442473.0,145404329.6,1716442456.0,1716442491.0,1716442480.0,1716442483.0,11279.0,1716442491.0,1716442496.0,5.0,,0.0,35.0,5.0,16.0,1413118200.0,3.0,33528.0,poseidon,condorpool,poseidon-worker-2-container-16-19,exclude_zerolag_ID29,/usr/local/bin/pycbc_exclude_zerolag,,2.0,0,0,,,,,,,,,
exclude_zerolag_ID29_ID0000031,None,compute,0,1716442451.0,,,1716442456.0,1716442457.0,1716442474.0,124718783.5,1716442456.0,1716442491.0,1716442482.0,1716442485.0,9729738.0,1716442491.0,1716442496.0,5.0,,0.0,35.0,5.0,17.0,1413118200.0,3.0,29666832.0,poseidon,condorpool,poseidon-worker-1-container-40-43,exclude_zerolag_ID29,/usr/local/bin/pycbc_exclude_zerolag,,2.3,0,0,,,,,,,,,
exclude_zerolag_ID29_ID0000032,None,compute,0,1716442451.0,,,1716442456.0,1716442463.0,1716442480.0,131825076.9,1716442462.0,1716442496.0,1716442488.0,1716442491.0,9661412.0,1716442496.0,1716442501.0,5.0,,6.0,34.0,5.0,17.0,1413118200.0,3.0,29424688.0,poseidon,condorpool,poseidon-worker-1-container-40-43,exclude_zerolag_ID29,/usr/local/bin/pycbc_exclude_zerolag,,2.3,0,0,,,,,,,,,
exclude_zerolag_ID29_ID0000035,cpu_3,compute,0,1716442451.0,,,1716442456.0,1716442464.0,1716442480.0,128181820.6,1716442462.0,1716442496.0,1716442487.0,1716442490.0,25866.0,1716442496.0,1716442501.0,5.0,,6.0,34.0,5.0,16.0,1413118200.0,3.0,70952.0,poseidon,condorpool,poseidon-worker-2-container-32-35,exclude_zerolag_ID29,/usr/local/bin/pycbc_exclude_zerolag,,1.9,0,0,,,,,,,,,
register_condorpool_1_0_pegasus-plan_ID0000076,None,auxiliary,0,1716442463.0,,,1716442468.0,,,0.0,1716442468.0,1716442473.0,,,0.0,1716442473.0,1716442478.0,5.0,,0.0,5.0,5.0,,,,,poseidon,local,poseidon-submit,pegasus::rc-client,/mnt/poseidon-data/poseidon/pegasus-5.1.0panorama/bin/pegasus-rc-client,-n pegasus::rc-client -N null -R local  -L V1-SINGLES_MINIFOLLOWUP_FULL_DATA_ALL-1186740100-3400 -T 2024-03-13T22:37:56+00:00 /home/poseidon/pegasus-5.1.0panorama/bin/pegasus-rc-client --prefix pegasus.catalog.replica.output --conf /mnt/poseidon-data/poseidon/workflows/pycbc/search/poseidon/submit/poseidon/pegasus/pycbc-search/run0416/00/01/./V1-SINGLES_MINIFOLLOWUP_FULL_DATA_ALL-1186740100-3400.dax_ID0000076.000/pegasus.18252046222405382927.properties -v --meta /mnt/poseidon-data/poseidon/workflows/pycbc/search/poseidon/submit/poseidon/pegasus/pycbc-search/run0416/00/01/./V1-SINGLES_MINIFOLLOWUP_FULL_DATA_ALL-1186740100-3400.dax_ID0000076.000/00/00/single_template_plot_ID4_ID0000005.meta --insert /mnt/poseidon-data/poseidon/workflows/pycbc/search/poseidon/submit/poseidon/pegasus/pycbc-search/run0416/00/01/./V1-SINGLES_MINIFOLLOWUP_FULL_DATA_ALL-1186740100-3400.dax_ID0000076.000/00/00/register_condorpool_1_0.in,3.2,0,0,,,,,,,,,
register_condorpool_1_0_pegasus-plan_ID0000072,None,auxiliary,0,1716442468.0,,,1716442473.0,,,0.0,1716442473.0,1716442478.0,,,0.0,1716442478.0,1716442483.0,5.0,,0.0,5.0,5.0,,,,,poseidon,local,poseidon-submit,pegasus::rc-client,/mnt/poseidon-data/poseidon/pegasus-5.1.0panorama/bin/pegasus-rc-client,-n pegasus::rc-client -N null -R local  -L L1-SINGLES_MINIFOLLOWUP_FULL_DATA_ALL-1186740100-3400 -T 2024-03-13T22:37:56+00:00 /home/poseidon/pegasus-5.1.0panorama/bin/pegasus-rc-client --prefix pegasus.catalog.replica.output --conf /mnt/poseidon-data/poseidon/workflows/pycbc/search/poseidon/submit/poseidon/pegasus/pycbc-search/run0416/00/01/./L1-SINGLES_MINIFOLLOWUP_FULL_DATA_ALL-1186740100-3400.dax_ID0000072.000/pegasus.14870527033351313185.properties -v --meta /mnt/poseidon-data/poseidon/workflows/pycbc/search/poseidon/submit/poseidon/pegasus/pycbc-search/run0416/00/01/./L1-SINGLES_MINIFOLLOWUP_FULL_DATA_ALL-1186740100-3400.dax_ID0000072.000/00/00/single_template_plot_ID4_ID0000005.meta --insert /mnt/poseidon-data/poseidon/workflows/pycbc/search/poseidon/submit/poseidon/pegasus/pycbc-search/run0416/00/01/./L1-SINGLES_MINIFOLLOWUP_FULL_DATA_ALL-1186740100-3400.dax_ID0000072.000/00/00/register_condorpool_1_0.in,3.2,0,0,,,,,,,,,
register_condorpool_1_0_pegasus-plan_ID0000068,None,auxiliary,0,1716442468.0,,,1716442473.0,,,0.0,1716442475.0,1716442478.0,,,0.0,1716442478.0,1716442483.0,5.0,,2.0,3.0,5.0,,,,,poseidon,local,poseidon-submit,pegasus::rc-client,/mnt/poseidon-data/poseidon/pegasus-5.1.0panorama/bin/pegasus-rc-client,-n pegasus::rc-client -N null -R local  -L H1-SINGLES_MINIFOLLOWUP_FULL_DATA_ALL-1186740100-3400 -T 2024-03-13T22:37:56+00:00 /home/poseidon/pegasus-5.1.0panorama/bin/pegasus-rc-client --prefix pegasus.catalog.replica.output --conf /mnt/poseidon-data/poseidon/workflows/pycbc/search/poseidon/submit/poseidon/pegasus/pycbc-search/run0416/00/01/./H1-SINGLES_MINIFOLLOWUP_FULL_DATA_ALL-1186740100-3400.dax_ID0000068.000/pegasus.7793271383451475095.properties -v --meta /mnt/poseidon-data/poseidon/workflows/pycbc/search/poseidon/submit/poseidon/pegasus/pycbc-search/run0416/00/01/./H1-SINGLES_MINIFOLLOWUP_FULL_DATA_ALL-1186740100-3400.dax_ID0000068.000/00/00/single_template_plot_ID4_ID0000005.meta --insert /mnt/poseidon-data/poseidon/workflows/pycbc/search/poseidon/submit/poseidon/pegasus/pycbc-search/run0416/00/01/./H1-SINGLES_MINIFOLLOWUP_FULL_DATA_ALL-1186740100-3400.dax_ID0000068.000/00/00/register_condorpool_1_0.in,3.1,0,0,,,,,,,,,
register_condorpool_7_0,None,auxiliary,0,1716442476.0,,,1716442481.0,,,0.0,1716442481.0,1716442486.0,,,0.0,1716442486.0,1716442491.0,5.0,,0.0,5.0,5.0,,,,,poseidon,local,poseidon-submit,pegasus::rc-client,/mnt/poseidon-data/poseidon/pegasus-5.1.0panorama/bin/pegasus-rc-client,"pegasus-kickstart  -n pegasus::rc-client -N null -R local  -L pycbc-search -T 2024-03-27T21:26:08+00:00 /home/poseidon/pegasus-5.1.0panorama/bin/pegasus-rc-client --prefix pegasus.catalog.replica.output --conf /mnt/poseidon-data/poseidon/workflows/pycbc/search/poseidon/submit/poseidon/pegasus/pycbc-search/run0416/pegasus.2178129152014731068.properties -v --meta /mnt/poseidon-data/poseidon/workflows/pycbc/search/poseidon/submit/poseidon/pegasus/pycbc-search/run0416/00/01/statmap_ID16_ID0000017.meta,/mnt/poseidon-data/poseidon/workflows/pycbc/search/poseidon/submit/poseidon/pegasus/pycbc-search/run0416/00/01/sngls_statmap_ID24_ID0000027.meta,/mnt/poseidon-data/poseidon/workflows/pycbc/search/poseidon/submit/poseidon/pegasus/pycbc-search/run0416/00/01/statmap_ID16_ID0000023.meta,/mnt/poseidon-data/poseidon/workflows/pycbc/search/poseidon/submit/poseidon/pegasus/pycbc-search/run0416/00/01/statmap_ID16_ID0000021.meta,/mnt/poseidon-data/poseidon/workflows/pycbc/search/poseidon/submit/poseidon/pegasus/pycbc-search/run0416/00/01/sngls_statmap_ID24_ID0000029.meta,/mnt/poseidon-data/poseidon/workflows/pycbc/search/poseidon/submit/poseidon/pegasus/pycbc-search/run0416/00/01/sngls_statmap_ID24_ID0000025.meta,/mnt/poseidon-data/poseidon/workflows/pycbc/search/poseidon/submit/poseidon/pegasus/pycbc-search/run0416/00/01/statmap_ID16_ID0000019.meta --insert /mnt/poseidon-data/poseidon/workflows/pycbc/search/poseidon/submit/poseidon/pegasus/pycbc-search/run0416/00/01/register_condorpool_7_0.in",3.3,0,0,,,,,,,,,
plot_snrifar_ID76_ID0000109,None,compute,0,1716442496.0,,,1716442501.0,1716442503.0,1716442536.0,51626488.4,1716442502.0,1716442556.0,1716442545.0,1716442547.0,14945.0,1716442556.0,1716442561.0,5.0,,1.0,54.0,5.0,33.0,1383699336.0,2.0,41066.0,poseidon,condorpool,poseidon-worker-2-container-16-19,plot_snrifar_ID76,/usr/local/bin/pycbc_page_snrifar,,3.1,0,0,,,,,,,,,
plot_snrifar_ID76_ID0000113,None,compute,0,1716442496.0,,,1716442501.0,1716442502.0,1716442533.0,55030925.1,1716442501.0,1716442551.0,1716442541.0,1716442544.0,10704.0,1716442551.0,1716442556.0,5.0,,0.0,50.0,5.0,31.0,1379914488.0,3.0,29660.0,poseidon,condorpool,poseidon-worker-1-container-40-43,plot_snrifar_ID76,/usr/local/bin/pycbc_page_snrifar,,3.1,0,0,,,,,,,,,
plot_snrratehist_ID78_ID0000094,None,compute,0,1716442496.0,,,1716442501.0,1716442503.0,1716442522.0,111302173.3,1716442502.0,1716442541.0,1716442531.0,1716442533.0,13906.0,1716442541.0,1716442546.0,5.0,,1.0,39.0,5.0,19.0,1409547792.0,2.0,38724.0,poseidon,condorpool,poseidon-worker-2-container-0-3,plot_snrratehist_ID78,/usr/local/bin/pycbc_page_snrratehist,,3.1,0,0,,,,,,,,,
plot_snrifar_ID76_ID0000095,None,compute,0,1716442496.0,,,1716442501.0,1716442503.0,1716442529.0,70925373.4,1716442502.0,1716442551.0,1716442538.0,1716442541.0,14425.0,1716442551.0,1716442556.0,5.0,,1.0,49.0,5.0,26.0,1409547792.0,3.0,40302.0,poseidon,condorpool,poseidon-worker-2-container-28-31,plot_snrifar_ID76,/usr/local/bin/pycbc_page_snrifar,,3.1,0,0,,,,,,,,,
plot_snrifar_ID76_ID0000092,cpu_3,compute,0,1716442496.0,,,1716442501.0,1716442503.0,1716442545.0,39824187.5,1716442502.0,1716442571.0,1716442554.0,1716442556.0,12656.0,1716442571.0,1716442576.0,5.0,,1.0,69.0,5.0,42.0,1409547792.0,2.0,35014.0,poseidon,condorpool,poseidon-worker-1-container-36-39,plot_snrifar_ID76,/usr/local/bin/pycbc_page_snrifar,,2.9,0,0,,,,,,,,,
page_foreground_ID71_ID0000098,cpu_3,compute,0,1716442496.0,,,1716442501.0,1716442503.0,1716442540.0,47001548.5,1716442502.0,1716442561.0,1716442550.0,1716442553.0,17525.0,1716442561.0,1716442566.0,5.0,,1.0,59.0,5.0,37.0,1427131612.0,3.0,47947.0,poseidon,condorpool,poseidon-worker-2-container-8-11,page_foreground_ID71,/usr/local/bin/pycbc_page_foreground,,3.0,0,0,,,,,,,,,
plot_snrifar_ID76_ID0000093,None,compute,0,1716442496.0,,,1716442501.0,1716442503.0,1716442527.0,80773016.4,1716442502.0,1716442546.0,1716442535.0,1716442538.0,7681.0,1716442546.0,1716442551.0,5.0,,1.0,44.0,5.0,24.0,1409547792.0,3.0,21427.0,poseidon,condorpool,poseidon-worker-1-container-20-23,plot_snrifar_ID76,/usr/local/bin/pycbc_page_snrifar,,2.6,0,0,,,,,,,,,
statmap_inj_ID135_ID0000146,None,compute,0,1716442496.0,,,1716442501.0,1716442503.0,1716442534.0,58083416.5,1716442502.0,1716442551.0,1716442541.0,1716442544.0,7417.0,1716442551.0,1716442556.0,5.0,,1.0,49.0,5.0,31.0,1409620045.0,3.0,20648.0,poseidon,condorpool,poseidon-worker-2-container-20-23,statmap_inj_ID135,/usr/local/bin/pycbc_coinc_statmap_inj,,2.2,0,0,,,,,,,,,
page_ifar_ID80_ID0000117,None,compute,0,1716442496.0,,,1716442501.0,1716442502.0,1716442539.0,45203340.5,1716442501.0,1716442556.0,1716442547.0,1716442550.0,14559.0,1716442556.0,1716442561.0,5.0,,0.0,55.0,5.0,37.0,1379914488.0,3.0,40447.0,poseidon,condorpool,poseidon-worker-2-container-36-39,page_ifar_ID80,/usr/local/bin/pycbc_page_ifar,,2.9,0,0,,,,,,,,,
plot_snrratehist_ID78_ID0000115,None,compute,0,1716442496.0,,,1716442501.0,1716442502.0,1716442520.0,110825368.3,1716442501.0,1716442541.0,1716442528.0,1716442531.0,9056.0,1716442541.0,1716442546.0,5.0,,0.0,40.0,5.0,18.0,1379914488.0,3.0,25995.0,poseidon,condorpool,poseidon-worker-1-container-40-43,plot_snrratehist_ID78,/usr/local/bin/pycbc_page_snrratehist,,2.5,0,0,,,,,,,,,
sngls_statmap_inj_ID143_ID0000152,None,compute,0,1716442496.0,,,1716442501.0,1716442503.0,1716442529.0,69084090.4,1716442502.0,1716442546.0,1716442537.0,1716442540.0,16086.0,1716442546.0,1716442551.0,5.0,,1.0,44.0,5.0,26.0,1379949897.0,3.0,44832.0,poseidon,condorpool,poseidon-worker-2-container-4-7,sngls_statmap_inj_ID143,/usr/local/bin/pycbc_sngls_statmap_inj,,2.1,0,0,,,,,,,,,
plot_snrifar_ID76_ID0000114,None,compute,0,1716442496.0,,,1716442501.0,1716442502.0,1716442523.0,92128704.3,1716442501.0,1716442541.0,1716442531.0,1716442534.0,7760.0,1716442541.0,1716442546.0,5.0,,0.0,40.0,5.0,21.0,1379914488.0,3.0,21571.0,poseidon,condorpool,poseidon-worker-2-container-16-19,plot_snrifar_ID76,/usr/local/bin/pycbc_page_snrifar,,2.9,0,0,,,,,,,,,
plot_snrifar_ID76_ID0000116,cpu_3,compute,0,1716442496.0,,,1716442501.0,1716442503.0,1716442552.0,33576122.6,1716442501.0,1716442576.0,1716442566.0,1716442569.0,11411.0,1716442576.0,1716442581.0,5.0,,0.0,75.0,5.0,49.0,1379914488.0,3.0,31057.0,poseidon,condorpool,poseidon-worker-2-container-32-35,plot_snrifar_ID76,/usr/local/bin/pycbc_page_snrifar,,2.8,0,0,0.1,23094096.0,63083.0,6157.0,34.0,0.8,0.8,2309409.6,6308.3
page_foreground_ID71_ID0000118,None,compute,0,1716442496.0,,,1716442501.0,1716442502.0,1716442543.0,40768618.6,1716442501.0,1716442561.0,1716442551.0,1716442554.0,6577.0,1716442561.0,1716442566.0,5.0,,0.0,60.0,5.0,41.0,1397498308.0,3.0,17898.0,poseidon,condorpool,poseidon-worker-2-container-36-39,page_foreground_ID71,/usr/local/bin/pycbc_page_foreground,,2.7,0,0,,,,,,,,,
page_ifar_ID80_ID0000097,cpu_3,compute,0,1716442496.0,,,1716442501.0,1716442503.0,1716442531.0,65684819.4,1716442502.0,1716442556.0,1716442543.0,1716442545.0,26888.0,1716442556.0,1716442561.0,5.0,,1.0,54.0,5.0,28.0,1409547792.0,2.0,74370.0,poseidon,condorpool,poseidon-worker-1-container-16-19,page_ifar_ID80,/usr/local/bin/pycbc_page_ifar,,4.5,0,0,0.0,33448046.0,63083.0,7373.0,34.0,2.2,1.6,3344804.6,6308.3
plot_snrratehist_ID78_ID0000108,None,compute,0,1716442496.0,,,1716442501.0,1716442503.0,1716442525.0,84083807.6,1716442502.0,1716442546.0,1716442534.0,1716442537.0,12819.0,1716442546.0,1716442551.0,5.0,,1.0,44.0,5.0,22.0,1383699336.0,3.0,35444.0,poseidon,condorpool,poseidon-worker-2-container-44-47,plot_snrratehist_ID78,/usr/local/bin/pycbc_page_snrratehist,,3.2,0,0,,,,,,,,,
statmap_inj_ID135_ID0000150,cpu_3,compute,0,1716442496.0,,,1716442501.0,1716442503.0,1716442540.0,44878933.9,1716442502.0,1716442556.0,1716442548.0,1716442551.0,7468.0,1716442556.0,1716442561.0,5.0,,1.0,54.0,5.0,37.0,1383752915.0,3.0,20464.0,poseidon,condorpool,poseidon-worker-1-container-12-15,statmap_inj_ID135,/usr/local/bin/pycbc_coinc_statmap_inj,,2.1,0,0,,,,,,,,,
page_ifar_ID80_ID0000111,None,compute,0,1716442496.0,,,1716442501.0,1716442503.0,1716442535.0,54658277.2,1716442502.0,1716442556.0,1716442544.0,1716442547.0,24685.0,1716442556.0,1716442561.0,5.0,,1.0,54.0,5.0,32.0,1383699336.0,3.0,68447.0,poseidon,condorpool,poseidon-worker-2-container-36-39,page_ifar_ID80,/usr/local/bin/pycbc_page_ifar,,3.8,0,0,,,,,,,,,
page_ifar_ID80_ID0000110,cpu_3,compute,0,1716442496.0,,,1716442501.0,1716442504.0,1716442541.0,44897539.5,1716442502.0,1716442566.0,1716442553.0,1716442556.0,25732.0,1716442566.0,1716442571.0,5.0,,1.0,64.0,5.0,37.0,1383699336.0,3.0,70136.0,poseidon,condorpool,poseidon-worker-2-container-32-35,page_ifar_ID80,/usr/local/bin/pycbc_page_ifar,,3.9,0,0,0.1,30992082.0,63083.0,7448.0,34.0,1.8,1.3,3099208.2,6308.3
page_foreground_ID71_ID0000112,None,compute,0,1716442496.0,,,1716442501.0,1716442503.0,1716442551.0,33575719.6,1716442502.0,1716442571.0,1716442560.0,1716442562.0,2819.0,1716442571.0,1716442576.0,5.0,,1.0,69.0,5.0,48.0,1401283156.0,2.0,7891.0,poseidon,condorpool,poseidon-worker-1-container-40-43,page_foreground_ID71,/usr/local/bin/pycbc_page_foreground,,2.7,0,0,,,,,,,,,
plot_snrifar_ID76_ID0000106,cpu_3,compute,0,1716442496.0,,,1716442501.0,1716442503.0,1716442551.0,34373054.9,1716442501.0,1716442576.0,1716442562.0,1716442565.0,11767.0,1716442576.0,1716442581.0,5.0,,0.0,75.0,5.0,48.0,1383699336.0,3.0,35125.0,poseidon,condorpool,poseidon-worker-2-container-32-35,plot_snrifar_ID76,/usr/local/bin/pycbc_page_snrifar,,2.7,0,0,0.1,29654253.0,97499.0,7787.0,37.0,1.4,1.0,2965425.3,9749.9
statmap_inj_ID135_ID0000144,cpu_3,compute,0,1716442496.0,,,1716442501.0,1716442503.0,1716442532.0,63113091.4,1716442502.0,1716442551.0,1716442540.0,1716442543.0,6948.0,1716442551.0,1716442556.0,5.0,,1.0,49.0,5.0,29.0,1409595061.0,3.0,20648.0,poseidon,condorpool,poseidon-worker-1-container-4-7,statmap_inj_ID135,/usr/local/bin/pycbc_coinc_statmap_inj,,2.5,0,0,,,,,,,,,
page_ifar_ID80_ID0000090,None,compute,0,1716442496.0,,,1716442501.0,1716442503.0,1716442545.0,39259388.8,1716442502.0,1716442566.0,1716442554.0,1716442557.0,27039.0,1716442566.0,1716442571.0,5.0,,1.0,64.0,5.0,42.0,1409535480.0,3.0,73222.0,poseidon,condorpool,poseidon-worker-2-container-40-43,page_ifar_ID80,/usr/local/bin/pycbc_page_ifar,,3.7,0,0,,,,,,,,,
page_ifar_ID80_ID0000089,None,compute,0,1716442496.0,,,1716442501.0,1716442503.0,1716442543.0,42473998.4,1716442502.0,1716442561.0,1716442552.0,1716442555.0,20423.0,1716442561.0,1716442566.0,5.0,,1.0,59.0,5.0,40.0,1409535480.0,3.0,56192.0,poseidon,condorpool,poseidon-worker-2-container-12-15,page_ifar_ID80,/usr/local/bin/pycbc_page_ifar,,3.9,0,0,,,,,,,,,
plot_snrratehist_ID78_ID0000087,None,compute,0,1716442496.0,,,1716442501.0,1716442503.0,1716442525.0,90931693.7,1716442502.0,1716442546.0,1716442534.0,1716442537.0,13352.0,1716442546.0,1716442551.0,5.0,,1.0,44.0,5.0,22.0,1409535480.0,3.0,37112.0,poseidon,condorpool,poseidon-worker-1-container-32-35,plot_snrratehist_ID78,/usr/local/bin/pycbc_page_snrratehist,,3.4,0,0,,,,,,,,,
page_foreground_ID71_ID0000091,None,compute,0,1716442496.0,,,1716442501.0,1716442503.0,1716442534.0,59096424.5,1716442502.0,1716442551.0,1716442542.0,1716442545.0,17271.0,1716442551.0,1716442556.0,5.0,,1.0,49.0,5.0,31.0,1427119300.0,3.0,47800.0,poseidon,condorpool,poseidon-worker-1-container-44-47,page_foreground_ID71,/usr/local/bin/pycbc_page_foreground,,2.8,0,0,,,,,,,,,
plot_snrifar_ID76_ID0000085,cpu_3,compute,0,1716442496.0,,,1716442501.0,1716442503.0,1716442529.0,73378104.2,1716442502.0,1716442551.0,1716442538.0,1716442541.0,12717.0,1716442551.0,1716442556.0,5.0,,1.0,49.0,5.0,26.0,1409535480.0,3.0,35334.0,poseidon,condorpool,poseidon-worker-1-container-28-31,plot_snrifar_ID76,/usr/local/bin/pycbc_page_snrifar,,3.3,0,0,,,,,,,,,
plot_snrifar_ID76_ID0000086,cpu_3,compute,0,1716442496.0,,,1716442501.0,1716442503.0,1716442545.0,39459817.6,1716442502.0,1716442571.0,1716442554.0,1716442557.0,7657.0,1716442571.0,1716442576.0,5.0,,1.0,69.0,5.0,42.0,1409535480.0,3.0,22033.0,poseidon,condorpool,poseidon-worker-1-container-24-27,plot_snrifar_ID76,/usr/local/bin/pycbc_page_snrifar,,2.8,0,0,,,,,,,,,
plot_snrifar_ID76_ID0000088,cpu_3,compute,0,1716442496.0,,,1716442501.0,1716442504.0,1716442529.0,72800703.6,1716442503.0,1716442551.0,1716442538.0,1716442541.0,14779.0,1716442551.0,1716442556.0,5.0,,2.0,48.0,5.0,25.0,1409535480.0,3.0,40922.0,poseidon,condorpool,poseidon-worker-2-container-24-27,plot_snrifar_ID76,/usr/local/bin/pycbc_page_snrifar,,3.3,0,0,,,,,,,,,
plot_snrifar_ID76_ID0000107,None,compute,0,1716442496.0,,,1716442501.0,1716442503.0,1716442543.0,41079113.3,1716442502.0,1716442561.0,1716442551.0,1716442554.0,9997.0,1716442561.0,1716442566.0,5.0,,1.0,59.0,5.0,40.0,1383699336.0,3.0,27283.0,poseidon,condorpool,poseidon-worker-1-container-0-3,plot_snrifar_ID76,/usr/local/bin/pycbc_page_snrifar,,2.7,0,0,,,,,,,,,
page_ifar_ID80_ID0000096,cpu_3,compute,0,1716442496.0,,,1716442501.0,1716442503.0,1716442547.0,38541881.6,1716442502.0,1716442576.0,1716442557.0,1716442560.0,21670.0,1716442576.0,1716442581.0,5.0,,1.0,74.0,5.0,44.0,1409547792.0,3.0,59500.0,poseidon,condorpool,poseidon-worker-1-container-8-11,page_ifar_ID80,/usr/local/bin/pycbc_page_ifar,,3.8,0,0,,,,,,,,,
plot_snrifar_ID76_ID0000099,cpu_3,compute,0,1716442501.0,,,1716442506.0,1716442524.0,1716442548.0,77962461.7,1716442523.0,1716442576.0,1716442557.0,1716442560.0,11721.0,1716442576.0,1716442581.0,5.0,,17.0,53.0,5.0,24.0,1409305648.0,3.0,31976.0,poseidon,condorpool,poseidon-worker-1-container-24-27,plot_snrifar_ID76,/usr/local/bin/pycbc_page_snrifar,,2.8,0,0,,,,,,,,,
plot_snrifar_ID76_ID0000119,None,compute,0,1716442501.0,,,1716442506.0,1716442524.0,1716442554.0,56755315.1,1716442523.0,1716442576.0,1716442562.0,1716442565.0,11007.0,1716442576.0,1716442581.0,5.0,,17.0,53.0,5.0,30.0,1379951912.0,3.0,29962.0,poseidon,condorpool,poseidon-worker-1-container-0-3,plot_snrifar_ID76,/usr/local/bin/pycbc_page_snrifar,,2.7,0,0,,,,,,,,,
page_foreground_ID71_ID0000105,cpu_3,compute,0,1716442501.0,,,1716442506.0,1716442524.0,1716442562.0,43547604.9,1716442523.0,1716442581.0,1716442571.0,1716442573.0,16951.0,1716442581.0,1716442586.0,5.0,,17.0,58.0,5.0,38.0,1426889468.0,2.0,46041.0,poseidon,condorpool,poseidon-worker-1-container-28-31,page_foreground_ID71,/usr/local/bin/pycbc_page_foreground,,2.6,0,0,,,,,,,,,
plot_snrifar_ID76_ID0000102,cpu_3,compute,0,1716442501.0,,,1716442506.0,1716442524.0,1716442544.0,106460186.8,1716442523.0,1716442576.0,1716442552.0,1716442555.0,13844.0,1716442576.0,1716442581.0,5.0,,17.0,53.0,5.0,20.0,1409305648.0,3.0,37944.0,poseidon,condorpool,poseidon-worker-2-container-24-27,plot_snrifar_ID76,/usr/local/bin/pycbc_page_snrifar,,2.9,0,0,,,,,,,,,
plot_snrratehist_ID78_ID0000121,None,compute,0,1716442501.0,,,1716442506.0,1716442523.0,1716442552.0,60650857.0,1716442523.0,1716442571.0,1716442561.0,1716442564.0,11390.0,1716442571.0,1716442576.0,5.0,,17.0,48.0,5.0,29.0,1379951912.0,3.0,31114.0,poseidon,condorpool,poseidon-worker-2-container-16-19,plot_snrratehist_ID78,/usr/local/bin/pycbc_page_snrratehist,,2.9,0,0,,,,,,,,,
statmap_inj_ID135_ID0000148,None,compute,0,1716442501.0,,,1716442506.0,1716442523.0,1716442558.0,49155775.9,1716442522.0,1716442576.0,1716442566.0,1716442569.0,7473.0,1716442576.0,1716442581.0,5.0,,16.0,54.0,5.0,35.0,1409365366.0,3.0,20648.0,poseidon,condorpool,poseidon-worker-2-container-4-7,statmap_inj_ID135,/usr/local/bin/pycbc_coinc_statmap_inj,,2.1,0,0,,,,,,,,,
page_ifar_ID80_ID0000103,None,compute,0,1716442501.0,,,1716442506.0,1716442524.0,1716442543.0,108256610.5,1716442523.0,1716442561.0,1716442553.0,1716442555.0,21111.0,1716442561.0,1716442566.0,5.0,,17.0,38.0,5.0,19.0,1409305648.0,2.0,57691.0,poseidon,condorpool,poseidon-worker-1-container-32-35,page_ifar_ID80,/usr/local/bin/pycbc_page_ifar,,3.9,0,0,,,,,,,,,
sngls_statmap_inj_ID143_ID0000154,cpu_3,compute,0,1716442501.0,,,1716442506.0,1716442524.0,1716442556.0,55934406.5,1716442523.0,1716442576.0,1716442564.0,1716442567.0,16195.0,1716442576.0,1716442581.0,5.0,,17.0,53.0,5.0,32.0,1379986151.0,3.0,44832.0,poseidon,condorpool,poseidon-worker-1-container-8-11,sngls_statmap_inj_ID143,/usr/local/bin/pycbc_sngls_statmap_inj,,2.0,0,0,,,,,,,,,
page_foreground_ID71_ID0000124,None,compute,0,1716442501.0,,,1716442506.0,1716442524.0,1716442559.0,48909283.5,1716442523.0,1716442576.0,1716442567.0,1716442570.0,8534.0,1716442576.0,1716442581.0,5.0,,17.0,53.0,5.0,35.0,1397535732.0,3.0,23424.0,poseidon,condorpool,poseidon-worker-2-container-36-39,page_foreground_ID71,/usr/local/bin/pycbc_page_foreground,,2.7,0,0,,,,,,,,,
combine_statmap_ID36_ID0000037,cpu_3,compute,0,1716442501.0,,,1716442506.0,1716442525.0,1716442553.0,66477568.7,1716442524.0,1716442576.0,1716442563.0,1716442567.0,35749734.0,1716442576.0,1716442581.0,5.0,,18.0,52.0,5.0,28.0,1472616360.0,4.0,143517196.0,poseidon,condorpool,poseidon-worker-1-container-12-15,combine_statmap_ID36,/usr/local/bin/pycbc_add_statmap,,2.8,0,0,,,,,,,,,
plot_snrifar_ID76_ID0000128,None,compute,0,1716442501.0,,,1716442506.0,1716442524.0,1716442558.0,48483065.2,1716442523.0,1716442576.0,1716442567.0,1716442570.0,11622.0,1716442576.0,1716442581.0,5.0,,17.0,53.0,5.0,34.0,1379947464.0,3.0,31952.0,poseidon,condorpool,poseidon-worker-1-container-20-23,plot_snrifar_ID76,/usr/local/bin/pycbc_page_snrifar,,2.8,0,0,,,,,,,,,
sngls_statmap_inj_ID143_ID0000156,cpu_3,compute,0,1716442501.0,,,1716442506.0,1716442524.0,1716442556.0,52951031.0,1716442523.0,1716442576.0,1716442563.0,1716442566.0,16049.0,1716442576.0,1716442581.0,5.0,,17.0,53.0,5.0,32.0,1379988453.0,3.0,44832.0,poseidon,condorpool,poseidon-worker-1-container-4-7,sngls_statmap_inj_ID143,/usr/local/bin/pycbc_sngls_statmap_inj,,2.0,0,0,,,,,,,,,
plot_snrifar_ID76_ID0000125,cpu_3,compute,0,1716442501.0,,,1716442506.0,1716442524.0,1716442559.0,47682512.9,1716442523.0,1716442576.0,1716442567.0,1716442569.0,11290.0,1716442576.0,1716442581.0,5.0,,17.0,53.0,5.0,35.0,1379947464.0,2.0,30923.0,poseidon,condorpool,poseidon-worker-2-container-8-11,plot_snrifar_ID76,/usr/local/bin/pycbc_page_snrifar,,2.6,0,0,,,,,,,,,
plot_snrifar_ID76_ID0000126,cpu_3,compute,0,1716442501.0,,,1716442506.0,1716442525.0,1716442556.0,53988806.7,1716442524.0,1716442576.0,1716442566.0,1716442568.0,7979.0,1716442576.0,1716442581.0,5.0,,18.0,52.0,5.0,31.0,1379947464.0,2.0,21707.0,poseidon,condorpool,poseidon-worker-1-container-36-39,plot_snrifar_ID76,/usr/local/bin/pycbc_page_snrifar,,2.5,0,0,,,,,,,,,
stage_out_local_condorpool_8_0,None,transfer,0,1716442501.0,,,1716442506.0,,,0.0,1716442511.0,1716442521.0,1716442511.0,1716442515.0,22979047.0,1716442521.0,1716442526.0,5.0,,5.0,10.0,5.0,,,4.0,92735400.0,poseidon,local,poseidon-submit,pegasus::transfer,/mnt/poseidon-data/poseidon/pegasus-5.1.0panorama/bin/pegasus-transfer,pegasus-kickstart  -n pegasus::transfer -N null -i - -R local  -L pycbc-search -T 2024-03-27T21:26:08+00:00 pegasus-transfer  --threads 2,1.2,0,0,,,,,,,,,
page_foreground_ID71_ID0000130,None,compute,0,1716442501.0,,,1716442506.0,1716442524.0,1716442558.0,51319718.2,1716442523.0,1716442576.0,1716442566.0,1716442569.0,6799.0,1716442576.0,1716442581.0,5.0,,17.0,53.0,5.0,34.0,1397531284.0,3.0,18836.0,poseidon,condorpool,poseidon-worker-2-container-28-31,page_foreground_ID71,/usr/local/bin/pycbc_page_foreground,,2.8,0,0,,,,,,,,,
plot_snrratehist_ID78_ID0000127,None,compute,0,1716442501.0,,,1716442506.0,1716442523.0,1716442550.0,66403829.1,1716442523.0,1716442571.0,1716442558.0,1716442561.0,11017.0,1716442571.0,1716442576.0,5.0,,17.0,48.0,5.0,27.0,1379947464.0,3.0,29966.0,poseidon,condorpool,poseidon-worker-2-container-0-3,plot_snrratehist_ID78,/usr/local/bin/pycbc_page_snrratehist,,2.9,0,0,,,,,,,,,
page_ifar_ID80_ID0000129,cpu_3,compute,0,1716442501.0,,,1716442506.0,1716442524.0,1716442549.0,75089931.1,1716442523.0,1716442571.0,1716442557.0,1716442560.0,16107.0,1716442571.0,1716442576.0,5.0,,17.0,48.0,5.0,25.0,1379947464.0,3.0,43993.0,poseidon,condorpool,poseidon-worker-1-container-16-19,page_ifar_ID80,/usr/local/bin/pycbc_page_ifar,,2.8,0,0,,,,,,,,,
plot_snrifar_ID76_ID0000100,None,compute,0,1716442501.0,,,1716442506.0,1716442524.0,1716442553.0,60661762.2,1716442523.0,1716442576.0,1716442562.0,1716442565.0,8018.0,1716442576.0,1716442581.0,5.0,,17.0,53.0,5.0,29.0,1409305648.0,3.0,22341.0,poseidon,condorpool,poseidon-worker-1-container-44-47,plot_snrifar_ID76,/usr/local/bin/pycbc_page_snrifar,,3.0,0,0,,,,,,,,,
plot_snrifar_ID76_ID0000120,None,compute,0,1716442501.0,,,1716442506.0,1716442524.0,1716442557.0,49259054.2,1716442523.0,1716442576.0,1716442566.0,1716442569.0,8169.0,1716442576.0,1716442581.0,5.0,,17.0,53.0,5.0,33.0,1379951912.0,3.0,22737.0,poseidon,condorpool,poseidon-worker-2-container-44-47,plot_snrifar_ID76,/usr/local/bin/pycbc_page_snrifar,,2.8,0,0,,,,,,,,,
page_ifar_ID80_ID0000104,None,compute,0,1716442501.0,,,1716442506.0,1716442524.0,1716442541.0,133242177.8,1716442523.0,1716442561.0,1716442550.0,1716442553.0,24598.0,1716442561.0,1716442566.0,5.0,,17.0,38.0,5.0,17.0,1409305648.0,3.0,68082.0,poseidon,condorpool,poseidon-worker-2-container-12-15,page_ifar_ID80,/usr/local/bin/pycbc_page_ifar,,4.0,0,0,,,,,,,,,
plot_snrratehist_ID78_ID0000101,None,compute,0,1716442501.0,,,1716442506.0,1716442523.0,1716442559.0,46718893.7,1716442523.0,1716442576.0,1716442568.0,1716442570.0,12800.0,1716442576.0,1716442581.0,5.0,,17.0,53.0,5.0,36.0,1409305648.0,2.0,35246.0,poseidon,condorpool,poseidon-worker-2-container-40-43,plot_snrratehist_ID78,/usr/local/bin/pycbc_page_snrratehist,,2.7,0,0,,,,,,,,,
page_ifar_ID80_ID0000123,None,compute,0,1716442501.0,,,1716442506.0,1716442523.0,1716442558.0,49144758.9,1716442522.0,1716442576.0,1716442567.0,1716442570.0,15766.0,1716442576.0,1716442581.0,5.0,,16.0,54.0,5.0,35.0,1379951912.0,3.0,43157.0,poseidon,condorpool,poseidon-worker-1-container-40-43,page_ifar_ID80,/usr/local/bin/pycbc_page_ifar,,3.0,0,0,,,,,,,,,
plot_snrifar_ID76_ID0000122,cpu_3,compute,0,1716442501.0,,,1716442506.0,1716442524.0,1716442552.0,68699411.5,1716442523.0,1716442576.0,1716442566.0,1716442569.0,11243.0,1716442576.0,1716442581.0,5.0,,17.0,53.0,5.0,28.0,1379951912.0,3.0,31869.0,poseidon,condorpool,poseidon-worker-2-container-32-35,plot_snrifar_ID76,/usr/local/bin/pycbc_page_snrifar,,2.8,0,0,0.1,23089956.0,63083.0,6148.0,34.0,0.8,0.8,2308995.6,6308.3
register_condorpool_8_0,None,auxiliary,0,1716442526.0,,,1716442531.0,,,0.0,1716442531.0,1716442536.0,,,0.0,1716442536.0,1716442541.0,5.0,,0.0,5.0,5.0,,,,,poseidon,local,poseidon-submit,pegasus::rc-client,/mnt/poseidon-data/poseidon/pegasus-5.1.0panorama/bin/pegasus-rc-client,"pegasus-kickstart  -n pegasus::rc-client -N null -R local  -L pycbc-search -T 2024-03-27T21:26:08+00:00 /home/poseidon/pegasus-5.1.0panorama/bin/pegasus-rc-client --prefix pegasus.catalog.replica.output --conf /mnt/poseidon-data/poseidon/workflows/pycbc/search/poseidon/submit/poseidon/pegasus/pycbc-search/run0416/pegasus.2178129152014731068.properties -v --meta /mnt/poseidon-data/poseidon/workflows/pycbc/search/poseidon/submit/poseidon/pegasus/pycbc-search/run0416/00/01/exclude_zerolag_ID29_ID0000032.meta,/mnt/poseidon-data/poseidon/workflows/pycbc/search/poseidon/submit/poseidon/pegasus/pycbc-search/run0416/00/01/exclude_zerolag_ID29_ID0000035.meta,/mnt/poseidon-data/poseidon/workflows/pycbc/search/poseidon/submit/poseidon/pegasus/pycbc-search/run0416/00/01/exclude_zerolag_ID29_ID0000030.meta,/mnt/poseidon-data/poseidon/workflows/pycbc/search/poseidon/submit/poseidon/pegasus/pycbc-search/run0416/00/01/exclude_zerolag_ID29_ID0000033.meta,/mnt/poseidon-data/poseidon/workflows/pycbc/search/poseidon/submit/poseidon/pegasus/pycbc-search/run0416/00/01/exclude_zerolag_ID29_ID0000036.meta,/mnt/poseidon-data/poseidon/workflows/pycbc/search/poseidon/submit/poseidon/pegasus/pycbc-search/run0416/00/01/exclude_zerolag_ID29_ID0000034.meta,/mnt/poseidon-data/poseidon/workflows/pycbc/search/poseidon/submit/poseidon/pegasus/pycbc-search/run0416/00/01/exclude_zerolag_ID29_ID0000031.meta --insert /mnt/poseidon-data/poseidon/workflows/pycbc/search/poseidon/submit/poseidon/pegasus/pycbc-search/run0416/00/01/register_condorpool_8_0.in",3.2,0,0,,,,,,,,,
combine_statmap_ID36_ID0000157,None,compute,0,1716442581.0,,,1716442586.0,1716442587.0,1716442604.0,130310813.4,1716442586.0,1716442621.0,1716442612.0,1716442615.0,21810.0,1716442621.0,1716442626.0,5.0,,0.0,35.0,5.0,17.0,1472833264.0,3.0,65680.0,poseidon,condorpool,poseidon-worker-1-container-40-43,combine_statmap_ID36,/usr/local/bin/pycbc_add_statmap,,2.4,0,0,,,,,,,,,
stage_out_local_condorpool_9_4,None,transfer,0,1716442581.0,,,1716442586.0,,,0.0,1716442586.0,1716442596.0,1716442586.0,1716442590.0,35606152.0,1716442596.0,1716442601.0,5.0,,0.0,10.0,5.0,,,4.0,143832641.0,poseidon,local,poseidon-submit,pegasus::transfer,/mnt/poseidon-data/poseidon/pegasus-5.1.0panorama/bin/pegasus-transfer,pegasus-kickstart  -n pegasus::transfer -N null -i - -R local  -L pycbc-search -T 2024-03-27T21:26:08+00:00 pegasus-transfer  --threads 2,1.5,0,0,,,,,,,,,
stage_out_local_condorpool_9_0,None,transfer,0,1716442581.0,,,1716442586.0,,,0.0,1716442586.0,1716442596.0,1716442586.0,1716442590.0,73632.0,1716442596.0,1716442601.0,5.0,,0.0,10.0,5.0,,,4.0,298115.0,poseidon,local,poseidon-submit,pegasus::transfer,/mnt/poseidon-data/poseidon/pegasus-5.1.0panorama/bin/pegasus-transfer,pegasus-kickstart  -n pegasus::transfer -N null -i - -R local  -L pycbc-search -T 2024-03-27T21:26:08+00:00 pegasus-transfer  --threads 2,1.1,0,0,,,,,,,,,
stage_out_local_condorpool_9_3,None,transfer,0,1716442581.0,,,1716442586.0,,,0.0,1716442586.0,1716442596.0,1716442586.0,1716442590.0,78237.0,1716442596.0,1716442601.0,5.0,,0.0,10.0,5.0,,,4.0,315890.0,poseidon,local,poseidon-submit,pegasus::transfer,/mnt/poseidon-data/poseidon/pegasus-5.1.0panorama/bin/pegasus-transfer,pegasus-kickstart  -n pegasus::transfer -N null -i - -R local  -L pycbc-search -T 2024-03-27T21:26:08+00:00 pegasus-transfer  --threads 2,1.1,0,0,,,,,,,,,
page_foreground_ID71_ID0000080,None,compute,0,1716442581.0,,,1716442586.0,1716442587.0,1716442604.0,141440616.2,1716442586.0,1716442621.0,1716442612.0,1716442615.0,3426.0,1716442621.0,1716442626.0,5.0,,0.0,35.0,5.0,17.0,1540981976.0,3.0,9316.0,poseidon,condorpool,poseidon-worker-2-container-4-7,page_foreground_ID71,/usr/local/bin/pycbc_page_foreground,,2.7,0,0,,,,,,,,,
pegasus-plan_ID0000082,None,subwf,0,1716442581.0,1716442581.0,1716442588.0,1716442591.0,,,0.0,1716442591.0,1716442837.0,,,0.0,,,0.0,7.0,0.0,246.0,,,,,,poseidon,local,poseidon-submit,condor::dagman,/usr/bin/condor_dagman,-p 0  -f -l . -Notification never -Debug 3 -Lockfile H1L1V1-FOREGROUND_MINIFOLLOWUP_FULL_DATA_FOREGROUND-1186740100-3400.dag.lock -Dag H1L1V1-FOREGROUND_MINIFOLLOWUP_FULL_DATA_FOREGROUND-1186740100-3400.dag -AllowVersionMismatch  -AutoRescue 1 -DoRescueFrom 0,0.0,0,0,,,,,,,,,
pegasus-plan_ID0000084,None,subwf,0,1716442581.0,1716442581.0,1716442588.0,1716442591.0,,,0.0,1716442591.0,1716442807.0,,,0.0,,,0.0,7.0,0.0,216.0,,,,,,poseidon,local,poseidon-submit,condor::dagman,/usr/bin/condor_dagman,-p 0  -f -l . -Notification never -Debug 3 -Lockfile H1L1V1-FOREGROUND_MINIFOLLOWUP_FULL_DATA_BACKGROUND-1186740100-3400.dag.lock -Dag H1L1V1-FOREGROUND_MINIFOLLOWUP_FULL_DATA_BACKGROUND-1186740100-3400.dag -AllowVersionMismatch  -AutoRescue 1 -DoRescueFrom 0,0.0,0,0,,,,,,,,,
page_foreground_ID71_ID0000078,None,compute,0,1716442581.0,,,1716442586.0,1716442587.0,1716442604.0,140583571.2,1716442586.0,1716442626.0,1716442613.0,1716442615.0,18259.0,1716442626.0,1716442631.0,5.0,,0.0,40.0,5.0,17.0,1540981976.0,2.0,49894.0,poseidon,condorpool,poseidon-worker-2-container-20-23,page_foreground_ID71,/usr/local/bin/pycbc_page_foreground,,3.0,0,0,,,,,,,,,
stage_out_local_condorpool_9_1,None,transfer,0,1716442581.0,,,1716442586.0,,,0.0,1716442586.0,1716442596.0,1716442586.0,1716442590.0,77571.0,1716442596.0,1716442601.0,5.0,,0.0,10.0,5.0,,,4.0,313831.0,poseidon,local,poseidon-submit,pegasus::transfer,/mnt/poseidon-data/poseidon/pegasus-5.1.0panorama/bin/pegasus-transfer,pegasus-kickstart  -n pegasus::transfer -N null -i - -R local  -L pycbc-search -T 2024-03-27T21:26:08+00:00 pegasus-transfer  --threads 2,1.1,0,0,,,,,,,,,
page_ifar_catalog_ID70_ID0000077,cpu_3,compute,0,1716442581.0,,,1716442586.0,1716442588.0,1716442604.0,150418517.6,1716442586.0,1716442631.0,1716442619.0,1716442622.0,9426.0,1716442631.0,1716442636.0,5.0,,0.0,45.0,5.0,16.0,1523398156.0,3.0,25487.0,poseidon,condorpool,poseidon-worker-2-container-32-35,page_ifar_catalog_ID70,/usr/local/bin/pycbc_ifar_catalog,,6.1,0,0,0.0,30538972.0,63083.0,7361.0,34.0,1.4,1.1,3053897.2,6308.3
foreground_censor_ID37_ID0000038,None,compute,0,1716442581.0,,,1716442586.0,1716442587.0,1716442604.0,138360396.9,1716442586.0,1716442621.0,1716442612.0,1716442615.0,994.0,1716442621.0,1716442626.0,5.0,,0.0,35.0,5.0,17.0,1523401069.0,3.0,2875.0,poseidon,condorpool,poseidon-worker-2-container-36-39,foreground_censor_ID37,/usr/local/bin/pycbc_foreground_censor,,2.4,0,0,,,,,,,,,
stage_out_local_condorpool_9_2,None,transfer,0,1716442581.0,,,1716442586.0,,,0.0,1716442586.0,1716442596.0,1716442586.0,1716442590.0,73937.0,1716442596.0,1716442601.0,5.0,,0.0,10.0,5.0,,,4.0,299540.0,poseidon,local,poseidon-submit,pegasus::transfer,/mnt/poseidon-data/poseidon/pegasus-5.1.0panorama/bin/pegasus-transfer,pegasus-kickstart  -n pegasus::transfer -N null -i - -R local  -L pycbc-search -T 2024-03-27T21:26:08+00:00 pegasus-transfer  --threads 2,1.1,0,0,,,,,,,,,
page_foreground_ID71_ID0000079,cpu_3,compute,0,1716442581.0,,,1716442586.0,1716442588.0,1716442605.0,138762275.5,1716442586.0,1716442626.0,1716442617.0,1716442620.0,49073.0,1716442626.0,1716442631.0,5.0,,0.0,40.0,5.0,17.0,1540981976.0,3.0,140497.0,poseidon,condorpool,poseidon-worker-2-container-32-35,page_foreground_ID71,/usr/local/bin/pycbc_page_foreground,,2.8,0,0,0.0,32104980.0,63083.0,7678.0,34.0,1.2,1.2,3210498.0,6308.3
stage_out_local_condorpool_9_5,None,transfer,0,1716442586.0,,,1716442591.0,,,0.0,1716442591.0,1716442601.0,1716442592.0,1716442596.0,102814.0,1716442601.0,1716442606.0,5.0,,0.0,10.0,5.0,,,4.0,414963.0,poseidon,local,poseidon-submit,pegasus::transfer,/mnt/poseidon-data/poseidon/pegasus-5.1.0panorama/bin/pegasus-transfer,pegasus-kickstart  -n pegasus::transfer -N null -i - -R local  -L pycbc-search -T 2024-03-27T21:26:08+00:00 pegasus-transfer  --threads 2,1.1,0,0,,,,,,,,,
create_dir_H1L1V1-FOREGROUND_MINIFOLLOWUP_FULL_DATA_BACKGROUND-1186740100-3400.dax_0_condorpool_pegasus-plan_ID0000084,None,auxiliary,0,1716442591.0,,,1716442592.0,,,0.0,1716442595.0,1716442602.0,,,0.0,1716442602.0,1716442607.0,1.0,,3.0,7.0,5.0,,,,,poseidon,local,poseidon-submit,pegasus::dirmanager,/mnt/poseidon-data/poseidon/pegasus-5.1.0panorama/bin/pegasus-transfer,pegasus-kickstart  -n pegasus::dirmanager -N null -i - -R local  -L H1L1V1-FOREGROUND_MINIFOLLOWUP_FULL_DATA_BACKGROUND-1186740100-3400 -T 2024-03-13T22:37:56+00:00 pegasus-transfer,0.3,0,0,,,,,,,,,
create_dir_H1L1V1-FOREGROUND_MINIFOLLOWUP_FULL_DATA_FOREGROUND-1186740100-3400.dax_0_condorpool_pegasus-plan_ID0000082,None,auxiliary,0,1716442591.0,,,1716442592.0,,,0.0,1716442595.0,1716442602.0,,,0.0,1716442602.0,1716442607.0,1.0,,3.0,7.0,5.0,,,,,poseidon,local,poseidon-submit,pegasus::dirmanager,/mnt/poseidon-data/poseidon/pegasus-5.1.0panorama/bin/pegasus-transfer,pegasus-kickstart  -n pegasus::dirmanager -N null -i - -R local  -L H1L1V1-FOREGROUND_MINIFOLLOWUP_FULL_DATA_FOREGROUND-1186740100-3400 -T 2024-03-13T22:37:56+00:00 pegasus-transfer,0.3,0,0,,,,,,,,,
register_condorpool_9_4,None,auxiliary,0,1716442601.0,,,1716442606.0,,,0.0,1716442606.0,1716442611.0,,,0.0,1716442611.0,1716442616.0,5.0,,0.0,5.0,5.0,,,,,poseidon,local,poseidon-submit,pegasus::rc-client,/mnt/poseidon-data/poseidon/pegasus-5.1.0panorama/bin/pegasus-rc-client,"pegasus-kickstart  -n pegasus::rc-client -N null -R local  -L pycbc-search -T 2024-03-27T21:26:08+00:00 /home/poseidon/pegasus-5.1.0panorama/bin/pegasus-rc-client --prefix pegasus.catalog.replica.output --conf /mnt/poseidon-data/poseidon/workflows/pycbc/search/poseidon/submit/poseidon/pegasus/pycbc-search/run0416/pegasus.2178129152014731068.properties -v --meta /mnt/poseidon-data/poseidon/workflows/pycbc/search/poseidon/submit/poseidon/pegasus/pycbc-search/run0416/00/02/page_ifar_ID80_ID0000104.meta,/mnt/poseidon-data/poseidon/workflows/pycbc/search/poseidon/submit/poseidon/pegasus/pycbc-search/run0416/00/02/plot_snrifar_ID76_ID0000122.meta,/mnt/poseidon-data/poseidon/workflows/pycbc/search/poseidon/submit/poseidon/pegasus/pycbc-search/run0416/00/02/plot_snrifar_ID76_ID0000092.meta,/mnt/poseidon-data/poseidon/workflows/pycbc/search/poseidon/submit/poseidon/pegasus/pycbc-search/run0416/00/02/combine_statmap_ID36_ID0000037.meta,/mnt/poseidon-data/poseidon/workflows/pycbc/search/poseidon/submit/poseidon/pegasus/pycbc-search/run0416/00/02/page_foreground_ID71_ID0000118.meta,/mnt/poseidon-data/poseidon/workflows/pycbc/search/poseidon/submit/poseidon/pegasus/pycbc-search/run0416/00/01/plot_snrifar_ID76_ID0000086.meta,/mnt/poseidon-data/poseidon/workflows/pycbc/search/poseidon/submit/poseidon/pegasus/pycbc-search/run0416/00/02/plot_snrratehist_ID78_ID0000127.meta,/mnt/poseidon-data/poseidon/workflows/pycbc/search/poseidon/submit/poseidon/pegasus/pycbc-search/run0416/00/02/page_ifar_ID80_ID0000110.meta,/mnt/poseidon-data/poseidon/workflows/pycbc/search/poseidon/submit/poseidon/pegasus/pycbc-search/run0416/00/02/page_ifar_ID80_ID0000117.meta --insert /mnt/poseidon-data/poseidon/workflows/pycbc/search/poseidon/submit/poseidon/pegasus/pycbc-search/run0416/00/03/register_condorpool_9_4.in",3.1,0,0,,,,,,,,,
register_condorpool_9_0,None,auxiliary,0,1716442601.0,,,1716442661.0,,,0.0,1716442661.0,1716442666.0,,,0.0,1716442666.0,1716442671.0,60.0,,0.0,5.0,5.0,,,,,poseidon,local,poseidon-submit,pegasus::rc-client,/mnt/poseidon-data/poseidon/pegasus-5.1.0panorama/bin/pegasus-rc-client,"pegasus-kickstart  -n pegasus::rc-client -N null -R local  -L pycbc-search -T 2024-03-27T21:26:08+00:00 /home/poseidon/pegasus-5.1.0panorama/bin/pegasus-rc-client --prefix pegasus.catalog.replica.output --conf /mnt/poseidon-data/poseidon/workflows/pycbc/search/poseidon/submit/poseidon/pegasus/pycbc-search/run0416/pegasus.2178129152014731068.properties -v --meta /mnt/poseidon-data/poseidon/workflows/pycbc/search/poseidon/submit/poseidon/pegasus/pycbc-search/run0416/00/01/page_foreground_ID71_ID0000091.meta,/mnt/poseidon-data/poseidon/workflows/pycbc/search/poseidon/submit/poseidon/pegasus/pycbc-search/run0416/00/02/statmap_inj_ID135_ID0000146.meta,/mnt/poseidon-data/poseidon/workflows/pycbc/search/poseidon/submit/poseidon/pegasus/pycbc-search/run0416/00/02/statmap_inj_ID135_ID0000148.meta,/mnt/poseidon-data/poseidon/workflows/pycbc/search/poseidon/submit/poseidon/pegasus/pycbc-search/run0416/00/02/plot_snrifar_ID76_ID0000109.meta,/mnt/poseidon-data/poseidon/workflows/pycbc/search/poseidon/submit/poseidon/pegasus/pycbc-search/run0416/00/02/plot_snrratehist_ID78_ID0000121.meta,/mnt/poseidon-data/poseidon/workflows/pycbc/search/poseidon/submit/poseidon/pegasus/pycbc-search/run0416/00/02/sngls_statmap_inj_ID143_ID0000156.meta,/mnt/poseidon-data/poseidon/workflows/pycbc/search/poseidon/submit/poseidon/pegasus/pycbc-search/run0416/00/02/plot_snrifar_ID76_ID0000095.meta,/mnt/poseidon-data/poseidon/workflows/pycbc/search/poseidon/submit/poseidon/pegasus/pycbc-search/run0416/00/02/statmap_inj_ID135_ID0000144.meta,/mnt/poseidon-data/poseidon/workflows/pycbc/search/poseidon/submit/poseidon/pegasus/pycbc-search/run0416/00/02/plot_snrifar_ID76_ID0000116.meta --insert /mnt/poseidon-data/poseidon/workflows/pycbc/search/poseidon/submit/poseidon/pegasus/pycbc-search/run0416/00/03/register_condorpool_9_0.in",3.3,0,0,,,,,,,,,
register_condorpool_9_3,None,auxiliary,0,1716442601.0,,,1716442641.0,,,0.0,1716442643.0,1716442646.0,,,0.0,1716442646.0,1716442651.0,40.0,,2.0,3.0,5.0,,,,,poseidon,local,poseidon-submit,pegasus::rc-client,/mnt/poseidon-data/poseidon/pegasus-5.1.0panorama/bin/pegasus-rc-client,"pegasus-kickstart  -n pegasus::rc-client -N null -R local  -L pycbc-search -T 2024-03-27T21:26:08+00:00 /home/poseidon/pegasus-5.1.0panorama/bin/pegasus-rc-client --prefix pegasus.catalog.replica.output --conf /mnt/poseidon-data/poseidon/workflows/pycbc/search/poseidon/submit/poseidon/pegasus/pycbc-search/run0416/pegasus.2178129152014731068.properties -v --meta /mnt/poseidon-data/poseidon/workflows/pycbc/search/poseidon/submit/poseidon/pegasus/pycbc-search/run0416/00/02/plot_snrratehist_ID78_ID0000115.meta,/mnt/poseidon-data/poseidon/workflows/pycbc/search/poseidon/submit/poseidon/pegasus/pycbc-search/run0416/00/02/page_foreground_ID71_ID0000098.meta,/mnt/poseidon-data/poseidon/workflows/pycbc/search/poseidon/submit/poseidon/pegasus/pycbc-search/run0416/00/01/page_ifar_ID80_ID0000089.meta,/mnt/poseidon-data/poseidon/workflows/pycbc/search/poseidon/submit/poseidon/pegasus/pycbc-search/run0416/00/02/page_ifar_ID80_ID0000123.meta,/mnt/poseidon-data/poseidon/workflows/pycbc/search/poseidon/submit/poseidon/pegasus/pycbc-search/run0416/00/02/plot_snrifar_ID76_ID0000120.meta,/mnt/poseidon-data/poseidon/workflows/pycbc/search/poseidon/submit/poseidon/pegasus/pycbc-search/run0416/00/02/page_foreground_ID71_ID0000112.meta,/mnt/poseidon-data/poseidon/workflows/pycbc/search/poseidon/submit/poseidon/pegasus/pycbc-search/run0416/00/02/page_ifar_ID80_ID0000103.meta,/mnt/poseidon-data/poseidon/workflows/pycbc/search/poseidon/submit/poseidon/pegasus/pycbc-search/run0416/00/02/plot_snrratehist_ID78_ID0000108.meta,/mnt/poseidon-data/poseidon/workflows/pycbc/search/poseidon/submit/poseidon/pegasus/pycbc-search/run0416/00/02/page_foreground_ID71_ID0000130.meta --insert /mnt/poseidon-data/poseidon/workflows/pycbc/search/poseidon/submit/poseidon/pegasus/pycbc-search/run0416/00/03/register_condorpool_9_3.in",3.2,0,0,,,,,,,,,
register_condorpool_9_2,None,auxiliary,0,1716442601.0,,,1716442626.0,,,0.0,1716442631.0,1716442636.0,,,0.0,1716442636.0,1716442641.0,25.0,,5.0,5.0,5.0,,,,,poseidon,local,poseidon-submit,pegasus::rc-client,/mnt/poseidon-data/poseidon/pegasus-5.1.0panorama/bin/pegasus-rc-client,"pegasus-kickstart  -n pegasus::rc-client -N null -R local  -L pycbc-search -T 2024-03-27T21:26:08+00:00 /home/poseidon/pegasus-5.1.0panorama/bin/pegasus-rc-client --prefix pegasus.catalog.replica.output --conf /mnt/poseidon-data/poseidon/workflows/pycbc/search/poseidon/submit/poseidon/pegasus/pycbc-search/run0416/pegasus.2178129152014731068.properties -v --meta /mnt/poseidon-data/poseidon/workflows/pycbc/search/poseidon/submit/poseidon/pegasus/pycbc-search/run0416/00/02/plot_snrifar_ID76_ID0000106.meta,/mnt/poseidon-data/poseidon/workflows/pycbc/search/poseidon/submit/poseidon/pegasus/pycbc-search/run0416/00/02/plot_snrifar_ID76_ID0000099.meta,/mnt/poseidon-data/poseidon/workflows/pycbc/search/poseidon/submit/poseidon/pegasus/pycbc-search/run0416/00/02/sngls_statmap_inj_ID143_ID0000154.meta,/mnt/poseidon-data/poseidon/workflows/pycbc/search/poseidon/submit/poseidon/pegasus/pycbc-search/run0416/00/02/plot_snrifar_ID76_ID0000126.meta,/mnt/poseidon-data/poseidon/workflows/pycbc/search/poseidon/submit/poseidon/pegasus/pycbc-search/run0416/00/02/sngls_statmap_inj_ID143_ID0000152.meta,/mnt/poseidon-data/poseidon/workflows/pycbc/search/poseidon/submit/poseidon/pegasus/pycbc-search/run0416/00/02/plot_snrifar_ID76_ID0000107.meta,/mnt/poseidon-data/poseidon/workflows/pycbc/search/poseidon/submit/poseidon/pegasus/pycbc-search/run0416/00/02/plot_snrratehist_ID78_ID0000101.meta,/mnt/poseidon-data/poseidon/workflows/pycbc/search/poseidon/submit/poseidon/pegasus/pycbc-search/run0416/00/01/plot_snrratehist_ID78_ID0000087.meta,/mnt/poseidon-data/poseidon/workflows/pycbc/search/poseidon/submit/poseidon/pegasus/pycbc-search/run0416/00/02/plot_snrifar_ID76_ID0000093.meta --insert /mnt/poseidon-data/poseidon/workflows/pycbc/search/poseidon/submit/poseidon/pegasus/pycbc-search/run0416/00/03/register_condorpool_9_2.in",3.2,0,0,,,,,,,,,
register_condorpool_9_1,None,auxiliary,0,1716442601.0,,,1716442651.0,,,0.0,1716442652.0,1716442656.0,,,0.0,1716442656.0,1716442661.0,50.0,,1.0,4.0,5.0,,,,,poseidon,local,poseidon-submit,pegasus::rc-client,/mnt/poseidon-data/poseidon/pegasus-5.1.0panorama/bin/pegasus-rc-client,"pegasus-kickstart  -n pegasus::rc-client -N null -R local  -L pycbc-search -T 2024-03-27T21:26:08+00:00 /home/poseidon/pegasus-5.1.0panorama/bin/pegasus-rc-client --prefix pegasus.catalog.replica.output --conf /mnt/poseidon-data/poseidon/workflows/pycbc/search/poseidon/submit/poseidon/pegasus/pycbc-search/run0416/pegasus.2178129152014731068.properties -v --meta /mnt/poseidon-data/poseidon/workflows/pycbc/search/poseidon/submit/poseidon/pegasus/pycbc-search/run0416/00/02/statmap_inj_ID135_ID0000150.meta,/mnt/poseidon-data/poseidon/workflows/pycbc/search/poseidon/submit/poseidon/pegasus/pycbc-search/run0416/00/02/plot_snrifar_ID76_ID0000102.meta,/mnt/poseidon-data/poseidon/workflows/pycbc/search/poseidon/submit/poseidon/pegasus/pycbc-search/run0416/00/01/plot_snrifar_ID76_ID0000088.meta,/mnt/poseidon-data/poseidon/workflows/pycbc/search/poseidon/submit/poseidon/pegasus/pycbc-search/run0416/00/02/page_ifar_ID80_ID0000097.meta,/mnt/poseidon-data/poseidon/workflows/pycbc/search/poseidon/submit/poseidon/pegasus/pycbc-search/run0416/00/02/plot_snrifar_ID76_ID0000125.meta,/mnt/poseidon-data/poseidon/workflows/pycbc/search/poseidon/submit/poseidon/pegasus/pycbc-search/run0416/00/02/plot_snrifar_ID76_ID0000085.meta,/mnt/poseidon-data/poseidon/workflows/pycbc/search/poseidon/submit/poseidon/pegasus/pycbc-search/run0416/00/02/plot_snrifar_ID76_ID0000119.meta,/mnt/poseidon-data/poseidon/workflows/pycbc/search/poseidon/submit/poseidon/pegasus/pycbc-search/run0416/00/02/plot_snrifar_ID76_ID0000114.meta,/mnt/poseidon-data/poseidon/workflows/pycbc/search/poseidon/submit/poseidon/pegasus/pycbc-search/run0416/00/02/plot_snrifar_ID76_ID0000100.meta --insert /mnt/poseidon-data/poseidon/workflows/pycbc/search/poseidon/submit/poseidon/pegasus/pycbc-search/run0416/00/03/register_condorpool_9_1.in",3.2,0,0,,,,,,,,,
register_condorpool_9_5,None,auxiliary,0,1716442606.0,,,1716442616.0,,,0.0,1716442617.0,1716442621.0,,,0.0,1716442621.0,1716442626.0,10.0,,1.0,4.0,5.0,,,,,poseidon,local,poseidon-submit,pegasus::rc-client,/mnt/poseidon-data/poseidon/pegasus-5.1.0panorama/bin/pegasus-rc-client,"pegasus-kickstart  -n pegasus::rc-client -N null -R local  -L pycbc-search -T 2024-03-27T21:26:08+00:00 /home/poseidon/pegasus-5.1.0panorama/bin/pegasus-rc-client --prefix pegasus.catalog.replica.output --conf /mnt/poseidon-data/poseidon/workflows/pycbc/search/poseidon/submit/poseidon/pegasus/pycbc-search/run0416/pegasus.2178129152014731068.properties -v --meta /mnt/poseidon-data/poseidon/workflows/pycbc/search/poseidon/submit/poseidon/pegasus/pycbc-search/run0416/00/02/plot_snrifar_ID76_ID0000113.meta,/mnt/poseidon-data/poseidon/workflows/pycbc/search/poseidon/submit/poseidon/pegasus/pycbc-search/run0416/00/02/page_ifar_ID80_ID0000111.meta,/mnt/poseidon-data/poseidon/workflows/pycbc/search/poseidon/submit/poseidon/pegasus/pycbc-search/run0416/00/02/plot_snrratehist_ID78_ID0000094.meta,/mnt/poseidon-data/poseidon/workflows/pycbc/search/poseidon/submit/poseidon/pegasus/pycbc-search/run0416/00/02/page_foreground_ID71_ID0000124.meta,/mnt/poseidon-data/poseidon/workflows/pycbc/search/poseidon/submit/poseidon/pegasus/pycbc-search/run0416/00/02/plot_snrifar_ID76_ID0000128.meta,/mnt/poseidon-data/poseidon/workflows/pycbc/search/poseidon/submit/poseidon/pegasus/pycbc-search/run0416/00/02/page_foreground_ID71_ID0000105.meta,/mnt/poseidon-data/poseidon/workflows/pycbc/search/poseidon/submit/poseidon/pegasus/pycbc-search/run0416/00/02/page_ifar_ID80_ID0000096.meta,/mnt/poseidon-data/poseidon/workflows/pycbc/search/poseidon/submit/poseidon/pegasus/pycbc-search/run0416/00/02/page_ifar_ID80_ID0000090.meta,/mnt/poseidon-data/poseidon/workflows/pycbc/search/poseidon/submit/poseidon/pegasus/pycbc-search/run0416/00/02/page_ifar_ID80_ID0000129.meta --insert /mnt/poseidon-data/poseidon/workflows/pycbc/search/poseidon/submit/poseidon/pegasus/pycbc-search/run0416/00/03/register_condorpool_9_5.in",3.2,0,0,,,,,,,,,
plot_trigger_timeseries_ID1_ID0000003_pegasus-plan_ID0000082,cpu_3,compute,0,1716442607.0,,,1716442612.0,1716442627.0,1716442653.0,72697240.6,1716442626.0,1716442672.0,1716442661.0,1716442664.0,12311.0,1716442672.0,1716442677.0,5.0,,14.0,46.0,5.0,26.0,1397431590.0,3.0,33693.0,poseidon,condorpool,poseidon-worker-1-container-28-31,plot_trigger_timeseries_ID1,/usr/local/bin/pycbc_plot_trigger_timeseries,,3.1,0,0,,,,,,,,,
plot_trigger_timeseries_ID1_ID0000002_pegasus-plan_ID0000082,None,compute,0,1716442607.0,,,1716442612.0,1716442627.0,1716442658.0,57962622.5,1716442626.0,1716442677.0,1716442666.0,1716442669.0,14433.0,1716442677.0,1716442682.0,5.0,,14.0,51.0,5.0,31.0,1397431590.0,3.0,39521.0,poseidon,condorpool,poseidon-worker-2-container-12-15,plot_trigger_timeseries_ID1,/usr/local/bin/pycbc_plot_trigger_timeseries,,3.0,0,0,,,,,,,,,
page_coincinfo_ID0_ID0000001_pegasus-plan_ID0000082,None,compute,0,1716442607.0,,,1716442612.0,1716442627.0,1716442658.0,61120055.5,1716442626.0,1716442677.0,1716442666.0,1716442669.0,2467.0,1716442677.0,1716442682.0,5.0,,14.0,51.0,5.0,31.0,1540981976.0,3.0,6780.0,poseidon,condorpool,poseidon-worker-1-container-20-23,page_coincinfo_ID0,/usr/local/bin/pycbc_page_coincinfo,,2.8,0,0,,,,,,,,,
plot_singles_timefreq_ID9_ID0000012_pegasus-plan_ID0000084,None,compute,0,1716442607.0,,,1716442612.0,1716442622.0,1716442640.0,126081298.7,1716442621.0,1716442672.0,1716442662.0,1716442665.0,140220.0,1716442672.0,1716442677.0,5.0,,9.0,51.0,5.0,18.0,1494664928.0,3.0,389861.0,poseidon,condorpool,poseidon-worker-2-container-20-23,plot_singles_timefreq_ID9,/usr/local/bin/pycbc_plot_singles_timefreq,,17.4,0,0,0.1,691895599.0,63552.0,9070.0,45.0,12.2,2.5,23063186.6,3177.6
plot_singles_timefreq_ID9_ID0000012_pegasus-plan_ID0000082,None,compute,0,1716442607.0,,,1716442612.0,1716442622.0,1716442639.0,142211845.4,1716442621.0,1716442672.0,1716442663.0,1716442666.0,142463.0,1716442672.0,1716442677.0,5.0,,9.0,51.0,5.0,17.0,1494664928.0,3.0,393435.0,poseidon,condorpool,poseidon-worker-2-container-4-7,plot_singles_timefreq_ID9,/usr/local/bin/pycbc_plot_singles_timefreq,,19.0,0,0,0.0,688835785.0,63122.0,8073.0,35.0,12.3,2.3,22961192.8,6312.2
plot_qscan_ID10_ID0000013_pegasus-plan_ID0000082,cpu_3,compute,0,1716442607.0,,,1716442612.0,1716442627.0,1716442647.0,114129166.8,1716442626.0,1716442707.0,1716442698.0,1716442701.0,96400.0,1716442707.0,1716442712.0,5.0,,14.0,81.0,5.0,20.0,1488780210.0,3.0,279242.0,poseidon,condorpool,poseidon-worker-2-container-32-35,plot_qscan_ID10,/usr/local/bin/pycbc_plot_qscan,,17.3,0,0,0.1,690247563.0,621138.0,9115.0,62.0,14.7,2.4,7669417.4,15528.5
plot_singles_timefreq_ID9_ID0000014_pegasus-plan_ID0000082,None,compute,0,1716442607.0,,,1716442612.0,1716442627.0,1716442648.0,102349386.9,1716442626.0,1716442682.0,1716442672.0,1716442675.0,134778.0,1716442682.0,1716442687.0,5.0,,14.0,56.0,5.0,21.0,1514826343.0,3.0,395733.0,poseidon,condorpool,poseidon-worker-1-container-40-43,plot_singles_timefreq_ID9,/usr/local/bin/pycbc_plot_singles_timefreq,,18.6,0,0,0.0,812329663.0,63122.0,8147.0,35.0,12.7,2.1,27077655.4,6312.2
single_template_ID3_ID0000008_pegasus-plan_ID0000082,None,compute,0,1716442607.0,,,1716442612.0,1716442627.0,1716442656.0,66249874.5,1716442626.0,1716442707.0,1716442694.0,1716442697.0,3469590.0,1716442707.0,1716442712.0,5.0,,14.0,81.0,5.0,29.0,1509360080.0,3.0,9945232.0,poseidon,condorpool,poseidon-worker-2-container-4-7,single_template_ID3,/usr/local/bin/pycbc_single_template,,31.9,0,0,0.1,803048068.0,28470.0,4753.0,27.0,25.4,4.4,13384134.5,2847.0
plot_singles_timefreq_ID9_ID0000010_pegasus-plan_ID0000082,None,compute,0,1716442607.0,,,1716442612.0,1716442627.0,1716442658.0,61966608.2,1716442627.0,1716442692.0,1716442680.0,1716442683.0,140496.0,1716442692.0,1716442697.0,5.0,,15.0,65.0,5.0,31.0,1491923536.0,3.0,389491.0,poseidon,condorpool,poseidon-worker-1-container-0-3,plot_singles_timefreq_ID9,/usr/local/bin/pycbc_plot_singles_timefreq,,17.1,0,0,0.1,673266996.0,63552.0,9147.0,45.0,12.5,2.3,22442233.2,3177.6
single_template_ID3_ID0000006_pegasus-plan_ID0000082,cpu_3,compute,0,1716442607.0,,,1716442612.0,1716442628.0,1716442665.0,47882395.7,1716442626.0,1716442717.0,1716442704.0,1716442707.0,3367776.0,1716442717.0,1716442722.0,5.0,,14.0,91.0,5.0,37.0,1488783581.0,3.0,9945232.0,poseidon,condorpool,poseidon-worker-2-container-24-27,single_template_ID3,/usr/local/bin/pycbc_single_template,,29.7,0,0,0.1,679552028.0,28470.0,4668.0,27.0,21.8,3.8,11325867.1,2847.0
plot_qscan_ID10_ID0000015_pegasus-plan_ID0000082,None,compute,0,1716442607.0,,,1716442612.0,1716442622.0,1716442639.0,142820267.4,1716442621.0,1716442677.0,1716442665.0,1716442668.0,117068.0,1716442677.0,1716442682.0,5.0,,9.0,56.0,5.0,17.0,1509356709.0,3.0,324497.0,poseidon,condorpool,poseidon-worker-2-container-36-39,plot_qscan_ID10,/usr/local/bin/pycbc_plot_qscan,,20.8,0,0,0.0,812385184.0,63333.0,8173.0,40.0,16.2,3.7,20309629.6,3166.7
plot_qscan_ID10_ID0000011_pegasus-plan_ID0000082,cpu_3,compute,0,1716442607.0,,,1716442612.0,1716442627.0,1716442657.0,63286381.2,1716442626.0,1716442692.0,1716442680.0,1716442682.0,112915.0,1716442692.0,1716442697.0,5.0,,14.0,66.0,5.0,30.0,1485627688.0,2.0,312282.0,poseidon,condorpool,poseidon-worker-1-container-36-39,plot_qscan_ID10,/usr/local/bin/pycbc_plot_qscan,,16.8,0,0,0.1,669990715.0,63333.0,8124.0,40.0,12.8,2.1,22333023.8,3166.7
single_template_ID3_ID0000004_pegasus-plan_ID0000082,None,compute,0,1716442607.0,,,1716442612.0,1716442627.0,1716442646.0,120115329.8,1716442627.0,1716442692.0,1716442683.0,1716442686.0,3392890.0,1716442692.0,1716442697.0,5.0,,15.0,65.0,5.0,19.0,1485631059.0,3.0,9945232.0,poseidon,condorpool,poseidon-worker-1-container-32-35,single_template_ID3,/usr/local/bin/pycbc_single_template,,30.7,0,0,0.0,660647963.0,28470.0,4694.0,27.0,24.2,5.7,11010799.4,2847.0
plot_qscan_ID10_ID0000013_pegasus-plan_ID0000084,cpu_3,compute,0,1716442607.0,,,1716442612.0,1716442628.0,1716442649.0,101814590.4,1716442627.0,1716442712.0,1716442699.0,1716442702.0,116130.0,1716442712.0,1716442717.0,5.0,,15.0,85.0,5.0,21.0,1488780210.0,3.0,316708.0,poseidon,condorpool,poseidon-worker-2-container-32-35,plot_qscan_ID10,/usr/local/bin/pycbc_plot_qscan,,17.1,0,0,0.1,688955621.0,63205.0,8312.0,37.0,12.2,2.1,8611945.3,2106.8
plot_singles_timefreq_ID9_ID0000014_pegasus-plan_ID0000084,None,compute,0,1716442607.0,,,1716442612.0,1716442627.0,1716442654.0,74321417.8,1716442626.0,1716442687.0,1716442678.0,1716442681.0,142226.0,1716442687.0,1716442692.0,5.0,,14.0,61.0,5.0,27.0,1514826343.0,3.0,398454.0,poseidon,condorpool,poseidon-worker-2-container-36-39,plot_singles_timefreq_ID9,/usr/local/bin/pycbc_plot_singles_timefreq,,18.2,0,0,0.1,814751042.0,63423.0,8833.0,42.0,12.6,2.3,27158368.1,3171.2
plot_qscan_ID10_ID0000011_pegasus-plan_ID0000084,None,compute,0,1716442607.0,,,1716442612.0,1716442627.0,1716442663.0,50964188.2,1716442626.0,1716442697.0,1716442685.0,1716442688.0,114160.0,1716442697.0,1716442702.0,5.0,,14.0,71.0,5.0,36.0,1485627688.0,3.0,321049.0,poseidon,condorpool,poseidon-worker-2-container-28-31,plot_qscan_ID10,/usr/local/bin/pycbc_plot_qscan,,16.7,0,0,0.1,669989459.0,63333.0,8116.0,40.0,12.3,2.5,22332982.0,3166.7
page_coincinfo_ID0_ID0000001_pegasus-plan_ID0000084,cpu_3,compute,0,1716442607.0,,,1716442612.0,1716442627.0,1716442646.0,120848222.5,1716442626.0,1716442667.0,1716442655.0,1716442658.0,2196.0,1716442667.0,1716442672.0,5.0,,14.0,41.0,5.0,19.0,1540981976.0,3.0,6183.0,poseidon,condorpool,poseidon-worker-2-container-8-11,page_coincinfo_ID0,/usr/local/bin/pycbc_page_coincinfo,,3.2,0,0,,,,,,,,,
plot_trigger_timeseries_ID1_ID0000002_pegasus-plan_ID0000084,None,compute,0,1716442607.0,,,1716442612.0,1716442627.0,1716442650.0,86411734.9,1716442626.0,1716442667.0,1716442658.0,1716442661.0,17498.0,1716442667.0,1716442672.0,5.0,,14.0,41.0,5.0,23.0,1397431590.0,3.0,48381.0,poseidon,condorpool,poseidon-worker-2-container-40-43,plot_trigger_timeseries_ID1,/usr/local/bin/pycbc_plot_trigger_timeseries,,3.1,0,0,,,,,,,,,
single_template_ID3_ID0000004_pegasus-plan_ID0000084,None,compute,0,1716442607.0,,,1716442612.0,1716442627.0,1716442649.0,97303607.9,1716442626.0,1716442697.0,1716442683.0,1716442686.0,3456866.0,1716442697.0,1716442702.0,5.0,,14.0,71.0,5.0,22.0,1485631059.0,3.0,9945232.0,poseidon,condorpool,poseidon-worker-2-container-16-19,single_template_ID3,/usr/local/bin/pycbc_single_template,,29.3,0,0,0.1,660640038.0,28470.0,4672.0,27.0,21.1,3.7,13212800.8,2847.0
plot_trigger_timeseries_ID1_ID0000003_pegasus-plan_ID0000084,None,compute,0,1716442607.0,,,1716442612.0,1716442627.0,1716442652.0,76033838.2,1716442626.0,1716442672.0,1716442660.0,1716442663.0,21247.0,1716442672.0,1716442677.0,5.0,,14.0,46.0,5.0,25.0,1397431590.0,3.0,58131.0,poseidon,condorpool,poseidon-worker-1-container-44-47,plot_trigger_timeseries_ID1,/usr/local/bin/pycbc_plot_trigger_timeseries,,2.9,0,0,,,,,,,,,
single_template_ID3_ID0000006_pegasus-plan_ID0000084,cpu_3,compute,0,1716442607.0,,,1716442612.0,1716442627.0,1716442654.0,72244604.4,1716442626.0,1716442707.0,1716442695.0,1716442698.0,3465832.0,1716442707.0,1716442712.0,5.0,,14.0,81.0,5.0,27.0,1488783581.0,3.0,9945232.0,poseidon,condorpool,poseidon-worker-1-container-24-27,single_template_ID3,/usr/local/bin/pycbc_single_template,,30.8,0,0,0.0,679562645.0,28470.0,4703.0,27.0,24.0,5.5,9708037.8,2847.0
plot_qscan_ID10_ID0000015_pegasus-plan_ID0000084,None,compute,0,1716442607.0,,,1716442612.0,1716442622.0,1716442640.0,121597996.5,1716442621.0,1716442677.0,1716442666.0,1716442669.0,97059.0,1716442677.0,1716442682.0,5.0,,9.0,56.0,5.0,18.0,1509356709.0,3.0,270000.0,poseidon,condorpool,poseidon-worker-1-container-40-43,plot_qscan_ID10,/usr/local/bin/pycbc_plot_qscan,,19.5,0,0,0.1,813157541.0,63333.0,8826.0,40.0,16.2,2.8,20328938.5,3166.7
single_template_ID3_ID0000008_pegasus-plan_ID0000084,None,compute,0,1716442607.0,,,1716442612.0,1716442627.0,1716442659.0,59296670.2,1716442626.0,1716442707.0,1716442695.0,1716442698.0,3459137.0,1716442707.0,1716442712.0,5.0,,14.0,81.0,5.0,32.0,1509360080.0,3.0,9945232.0,poseidon,condorpool,poseidon-worker-2-container-20-23,single_template_ID3,/usr/local/bin/pycbc_single_template,,30.7,0,0,0.0,803043997.0,28470.0,4744.0,27.0,25.4,4.5,13384066.6,2847.0
plot_singles_timefreq_ID9_ID0000010_pegasus-plan_ID0000084,None,compute,0,1716442607.0,,,1716442612.0,1716442627.0,1716442655.0,69762686.4,1716442626.0,1716442687.0,1716442678.0,1716442681.0,134294.0,1716442687.0,1716442692.0,5.0,,14.0,61.0,5.0,28.0,1491923536.0,3.0,379960.0,poseidon,condorpool,poseidon-worker-2-container-44-47,plot_singles_timefreq_ID9,/usr/local/bin/pycbc_plot_singles_timefreq,,17.5,0,0,0.0,673265731.0,63552.0,9145.0,45.0,12.1,2.7,22442191.0,3177.6
hdfinjfind_ID149_ID0000159,None,compute,0,1716442626.0,,,1716442631.0,1716442647.0,1716442675.0,63394426.5,1716442646.0,1716442696.0,1716442683.0,1716442686.0,36550.0,1716442696.0,1716442701.0,5.0,,15.0,50.0,5.0,28.0,1380017447.0,3.0,102324.0,poseidon,condorpool,poseidon-worker-1-container-20-23,hdfinjfind_ID149,/usr/local/bin/pycbc_coinc_hdfinjfind,,2.3,0,0,,,,,,,,,
hdfinjfind_ID149_ID0000158,None,compute,0,1716442626.0,,,1716442631.0,1716442648.0,1716442672.0,76450380.2,1716442646.0,1716442691.0,1716442680.0,1716442683.0,35224.0,1716442691.0,1716442696.0,5.0,,15.0,45.0,5.0,24.0,1380017447.0,3.0,102324.0,poseidon,condorpool,poseidon-worker-2-container-40-43,hdfinjfind_ID149,/usr/local/bin/pycbc_coinc_hdfinjfind,,2.6,0,0,,,,,,,,,
plot_hist_ID52_ID0000061,None,compute,0,1716442626.0,,,1716442631.0,1716442648.0,1716442669.0,89894988.4,1716442647.0,1716442691.0,1716442678.0,1716442681.0,4327.0,1716442691.0,1716442696.0,5.0,,16.0,44.0,5.0,21.0,1385320279.0,3.0,12072.0,poseidon,condorpool,poseidon-worker-2-container-12-15,plot_hist_ID52,/usr/local/bin/pycbc_plot_hist,,3.1,0,0,,,,,,,,,
plot_hist_ID52_ID0000062,None,compute,0,1716442626.0,,,1716442631.0,1716442647.0,1716442675.0,65712510.1,1716442646.0,1716442696.0,1716442683.0,1716442686.0,4308.0,1716442696.0,1716442701.0,5.0,,15.0,50.0,5.0,28.0,1385320279.0,3.0,11883.0,poseidon,condorpool,poseidon-worker-2-container-16-19,plot_hist_ID52,/usr/local/bin/pycbc_plot_hist,,3.1,0,0,,,,,,,,,
plot_hist_ID52_ID0000054,None,compute,0,1716442626.0,,,1716442631.0,1716442647.0,1716442664.0,127642226.8,1716442646.0,1716442686.0,1716442673.0,1716442675.0,4277.0,1716442686.0,1716442691.0,5.0,,15.0,40.0,5.0,17.0,1386146493.0,2.0,12415.0,poseidon,condorpool,poseidon-worker-1-container-44-47,plot_hist_ID52,/usr/local/bin/pycbc_plot_hist,,3.1,0,0,,,,,,,,,
plot_hist_ID52_ID0000057,cpu_3,compute,0,1716442626.0,,,1716442631.0,1716442648.0,1716442675.0,71255086.9,1716442646.0,1716442701.0,1716442688.0,1716442691.0,3922.0,1716442701.0,1716442706.0,5.0,,15.0,55.0,5.0,27.0,1385735363.0,3.0,11275.0,poseidon,condorpool,poseidon-worker-2-container-24-27,plot_hist_ID52,/usr/local/bin/pycbc_plot_hist,,3.1,0,0,0.1,29231544.0,63083.0,6993.0,34.0,1.2,1.0,2923154.4,6308.3
plot_hist_ID52_ID0000053,None,compute,0,1716442626.0,,,1716442631.0,1716442648.0,1716442670.0,84413669.9,1716442647.0,1716442691.0,1716442680.0,1716442682.0,4092.0,1716442691.0,1716442696.0,5.0,,16.0,44.0,5.0,22.0,1386146493.0,2.0,11164.0,poseidon,condorpool,poseidon-worker-1-container-32-35,plot_hist_ID52,/usr/local/bin/pycbc_plot_hist,,3.1,0,0,,,,,,,,,
plot_snrchi_ID48_ID0000049,cpu_3,compute,0,1716442626.0,,,1716442631.0,1716442647.0,1716442672.0,86835221.0,1716442646.0,1716442696.0,1716442685.0,1716442688.0,48788.0,1716442696.0,1716442701.0,5.0,,15.0,50.0,5.0,25.0,1386146493.0,3.0,143314.0,poseidon,condorpool,poseidon-worker-1-container-24-27,plot_snrchi_ID48,/usr/local/bin/pycbc_page_snrchi,,3.4,0,0,0.1,29035621.0,63083.0,6938.0,34.0,1.3,1.0,2903562.1,6308.3
plot_singles_ID51_ID0000056,cpu_3,compute,0,1716442626.0,,,1716442631.0,1716442648.0,1716442665.0,120390547.5,1716442646.0,1716442686.0,1716442673.0,1716442676.0,23085.0,1716442686.0,1716442691.0,5.0,,15.0,40.0,5.0,17.0,1385768553.0,3.0,62954.0,poseidon,condorpool,poseidon-worker-1-container-28-31,plot_singles_ID51,/usr/local/bin/pycbc_plot_singles_vs_params,,3.2,0,0,,,,,,,,,
plot_binnedhist_ID54_ID0000063,cpu_3,compute,0,1716442626.0,,,1716442631.0,1716442635.0,1716442660.0,86027765.6,1716442632.0,1716442691.0,1716442681.0,1716442684.0,29376.0,1716442691.0,1716442696.0,5.0,,1.0,59.0,5.0,25.0,1385353469.0,3.0,92433.0,poseidon,condorpool,poseidon-worker-2-container-32-35,plot_binnedhist_ID54,/usr/local/bin/pycbc_fit_sngls_split_binned,,4.1,0,0,0.0,38250644.0,63083.0,9307.0,34.0,2.1,0.9,1912532.2,6308.3
plot_snrchi_ID48_ID0000050,None,compute,0,1716442626.0,,,1716442631.0,1716442647.0,1716442673.0,69894168.6,1716442646.0,1716442696.0,1716442683.0,1716442686.0,59078.0,1716442696.0,1716442701.0,5.0,,15.0,50.0,5.0,26.0,1385735363.0,3.0,164217.0,poseidon,condorpool,poseidon-worker-1-container-0-3,plot_snrchi_ID48,/usr/local/bin/pycbc_page_snrchi,,3.6,0,0,,,,,,,,,
plot_binnedhist_ID54_ID0000055,None,compute,0,1716442626.0,,,1716442631.0,1716442647.0,1716442673.0,72031762.3,1716442646.0,1716442691.0,1716442682.0,1716442685.0,33121.0,1716442691.0,1716442696.0,5.0,,15.0,45.0,5.0,26.0,1386179683.0,3.0,90753.0,poseidon,condorpool,poseidon-worker-2-container-20-23,plot_binnedhist_ID54,/usr/local/bin/pycbc_fit_sngls_split_binned,,4.0,0,0,,,,,,,,,
plot_binnedhist_ID54_ID0000059,None,compute,0,1716442626.0,,,1716442631.0,1716442648.0,1716442680.0,54470318.0,1716442647.0,1716442701.0,1716442690.0,1716442692.0,32962.0,1716442701.0,1716442706.0,5.0,,16.0,54.0,5.0,32.0,1385768553.0,2.0,90677.0,poseidon,condorpool,poseidon-worker-2-container-4-7,plot_binnedhist_ID54,/usr/local/bin/pycbc_fit_sngls_split_binned,,4.1,0,0,,,,,,,,,
plot_hist_ID52_ID0000058,None,compute,0,1716442626.0,,,1716442631.0,1716442648.0,1716442669.0,91744107.9,1716442646.0,1716442691.0,1716442678.0,1716442681.0,4436.0,1716442691.0,1716442696.0,5.0,,15.0,45.0,5.0,21.0,1385735363.0,3.0,12570.0,poseidon,condorpool,poseidon-worker-2-container-36-39,plot_hist_ID52,/usr/local/bin/pycbc_plot_hist,,3.2,0,0,,,,,,,,,
plot_singles_ID51_ID0000052,None,compute,0,1716442626.0,,,1716442631.0,1716442647.0,1716442674.0,68522700.9,1716442646.0,1716442696.0,1716442683.0,1716442686.0,21055.0,1716442696.0,1716442701.0,5.0,,15.0,50.0,5.0,27.0,1386179683.0,3.0,58707.0,poseidon,condorpool,poseidon-worker-1-container-40-43,plot_singles_ID51,/usr/local/bin/pycbc_plot_singles_vs_params,,3.5,0,0,,,,,,,,,
plot_singles_ID51_ID0000060,cpu_3,compute,0,1716442626.0,,,1716442631.0,1716442649.0,1716442671.0,112574055.2,1716442647.0,1716442701.0,1716442689.0,1716442692.0,17475.0,1716442701.0,1716442706.0,5.0,,16.0,54.0,5.0,22.0,1385353469.0,3.0,53255.0,poseidon,condorpool,poseidon-worker-2-container-32-35,plot_singles_ID51,/usr/local/bin/pycbc_plot_singles_vs_params,,3.3,0,0,0.1,35001839.0,63459.0,8910.0,42.0,2.0,0.9,1750091.9,3173.0
plot_snrchi_ID48_ID0000051,None,compute,0,1716442626.0,,,1716442631.0,1716442647.0,1716442672.0,74742903.1,1716442646.0,1716442696.0,1716442681.0,1716442684.0,90080.0,1716442696.0,1716442701.0,5.0,,15.0,50.0,5.0,25.0,1385320279.0,3.0,251125.0,poseidon,condorpool,poseidon-worker-2-container-44-47,plot_snrchi_ID48,/usr/local/bin/pycbc_page_snrchi,,3.6,0,0,,,,,,,,,
stage_out_local_condorpool_10_0,None,transfer,0,1716442636.0,,,1716442641.0,,,0.0,1716442643.0,1716442656.0,1716442643.0,1716442647.0,72795.0,1716442656.0,1716442661.0,5.0,,2.0,13.0,5.0,,,4.0,293749.0,poseidon,local,poseidon-submit,pegasus::transfer,/mnt/poseidon-data/poseidon/pegasus-5.1.0panorama/bin/pegasus-transfer,pegasus-kickstart  -n pegasus::transfer -N null -i - -R local  -L pycbc-search -T 2024-03-27T21:26:08+00:00 pegasus-transfer  --threads 2,0.8,0,0,,,,,,,,,
register_condorpool_10_0,None,auxiliary,0,1716442661.0,,,1716442671.0,,,0.0,1716442671.0,1716442676.0,,,0.0,1716442676.0,1716442681.0,10.0,,0.0,5.0,5.0,,,,,poseidon,local,poseidon-submit,pegasus::rc-client,/mnt/poseidon-data/poseidon/pegasus-5.1.0panorama/bin/pegasus-rc-client,"pegasus-kickstart  -n pegasus::rc-client -N null -R local  -L pycbc-search -T 2024-03-27T21:26:08+00:00 /home/poseidon/pegasus-5.1.0panorama/bin/pegasus-rc-client --prefix pegasus.catalog.replica.output --conf /mnt/poseidon-data/poseidon/workflows/pycbc/search/poseidon/submit/poseidon/pegasus/pycbc-search/run0416/pegasus.2178129152014731068.properties -v --meta /mnt/poseidon-data/poseidon/workflows/pycbc/search/poseidon/submit/poseidon/pegasus/pycbc-search/run0416/00/03/page_foreground_ID71_ID0000079.meta,/mnt/poseidon-data/poseidon/workflows/pycbc/search/poseidon/submit/poseidon/pegasus/pycbc-search/run0416/00/03/page_ifar_catalog_ID70_ID0000077.meta,/mnt/poseidon-data/poseidon/workflows/pycbc/search/poseidon/submit/poseidon/pegasus/pycbc-search/run0416/00/03/combine_statmap_ID36_ID0000157.meta,/mnt/poseidon-data/poseidon/workflows/pycbc/search/poseidon/submit/poseidon/pegasus/pycbc-search/run0416/00/03/page_foreground_ID71_ID0000078.meta,/mnt/poseidon-data/poseidon/workflows/pycbc/search/poseidon/submit/poseidon/pegasus/pycbc-search/run0416/00/02/page_foreground_ID71_ID0000080.meta,/mnt/poseidon-data/poseidon/workflows/pycbc/search/poseidon/submit/poseidon/pegasus/pycbc-search/run0416/00/03/foreground_censor_ID37_ID0000038.meta --insert /mnt/poseidon-data/poseidon/workflows/pycbc/search/poseidon/submit/poseidon/pegasus/pycbc-search/run0416/00/03/register_condorpool_10_0.in",3.2,0,0,,,,,,,,,
stage_out_local_condorpool_0_1_pegasus-plan_ID0000084,None,transfer,0,1716442692.0,,,1716442697.0,,,0.0,1716442697.0,1716442707.0,1716442697.0,1716442701.0,287778.0,1716442707.0,1716442712.0,5.0,,0.0,10.0,5.0,,,4.0,1161109.0,poseidon,local,poseidon-submit,pegasus::transfer,/mnt/poseidon-data/poseidon/pegasus-5.1.0panorama/bin/pegasus-transfer,/home/poseidon/pegasus-5.1.0panorama/bin/../bin/pegasus-kickstart  -n pegasus::transfer -N null -i - -R local  -L H1L1V1-FOREGROUND_MINIFOLLOWUP_FULL_DATA_BACKGROUND-1186740100-3400 -T 2024-03-13T22:37:56+00:00 /home/poseidon/pegasus-5.1.0panorama/bin/../bin/pegasus-transfer  --threads 2,0.8,0,0,,,,,,,,,
plot_coinc_snrchi_ID155_ID0000168,None,compute,0,1716442696.0,,,1716442701.0,1716442702.0,1716442721.0,112528320.0,1716442701.0,1716442751.0,1716442739.0,1716442741.0,43663.0,1716442751.0,1716442756.0,5.0,,0.0,50.0,5.0,19.0,1416679898.0,2.0,120198.0,poseidon,condorpool,poseidon-worker-1-container-20-23,plot_coinc_snrchi_ID155,/usr/local/bin/pycbc_page_coinc_snrchi,,3.9,0,0,0.1,38451575.0,3015043.0,9077.0,90.0,1.3,1.2,1922578.8,150752.2
plot_foundmissed_ID151_ID0000161,cpu_3,compute,0,1716442696.0,,,1716442701.0,1716442702.0,1716442734.0,54685713.5,1716442701.0,1716442766.0,1716442753.0,1716442756.0,20927.0,1716442766.0,1716442772.0,5.0,,0.0,65.0,6.0,32.0,1379983284.0,3.0,58108.0,poseidon,condorpool,poseidon-worker-2-container-32-35,plot_foundmissed_ID151,/usr/local/bin/pycbc_page_foundmissed,,3.9,0,0,0.1,33812260.0,2228780.0,8581.0,79.0,1.3,1.1,1690613.0,111439.0
plot_foundmissed_ID151_ID0000160,None,compute,0,1716442696.0,,,1716442701.0,1716442702.0,1716442729.0,65164038.2,1716442701.0,1716442761.0,1716442748.0,1716442751.0,20795.0,1716442761.0,1716442766.0,5.0,,0.0,60.0,5.0,27.0,1379983284.0,3.0,58100.0,poseidon,condorpool,poseidon-worker-2-container-4-7,plot_foundmissed_ID151,/usr/local/bin/pycbc_page_foundmissed,,4.2,0,0,0.0,34285968.0,2753068.0,8607.0,87.0,1.4,1.3,1714298.4,137653.4
plot_coinc_snrchi_ID155_ID0000167,None,compute,0,1716442696.0,,,1716442701.0,1716442702.0,1716442736.0,50189841.2,1716442701.0,1716442766.0,1716442753.0,1716442756.0,40323.0,1716442766.0,1716442772.0,5.0,,0.0,65.0,6.0,34.0,1417507908.0,3.0,113391.0,poseidon,condorpool,poseidon-worker-2-container-12-15,plot_coinc_snrchi_ID155,/usr/local/bin/pycbc_page_coinc_snrchi,,4.2,0,0,0.0,46398746.0,7279909.0,9384.0,104.0,1.7,1.3,2319937.3,363995.5
plot_coinc_snrchi_ID155_ID0000166,None,compute,0,1716442696.0,,,1716442701.0,1716442702.0,1716442727.0,79031775.9,1716442701.0,1716442756.0,1716442745.0,1716442748.0,49491.0,1716442756.0,1716442761.0,5.0,,0.0,55.0,5.0,25.0,1416532489.0,3.0,135567.0,poseidon,condorpool,poseidon-worker-2-container-36-39,plot_coinc_snrchi_ID155,/usr/local/bin/pycbc_page_coinc_snrchi,,4.2,0,0,0.0,38364976.0,2949507.0,9303.0,89.0,1.4,1.3,1918248.8,147475.4
plot_coinc_snrchi_ID155_ID0000165,cpu_3,compute,0,1716442696.0,,,1716442701.0,1716442702.0,1716442730.0,63845493.6,1716442701.0,1716442756.0,1716442746.0,1716442749.0,38534.0,1716442756.0,1716442761.0,5.0,,0.0,55.0,5.0,28.0,1416909730.0,3.0,116642.0,poseidon,condorpool,poseidon-worker-1-container-24-27,plot_coinc_snrchi_ID155,/usr/local/bin/pycbc_page_coinc_snrchi,,4.0,0,0,0.1,46332594.0,7279909.0,9286.0,104.0,1.7,1.2,2316629.7,363995.5
plot_coinc_snrchi_ID155_ID0000164,None,compute,0,1716442696.0,,,1716442701.0,1716442702.0,1716442738.0,47976450.2,1716442701.0,1716442766.0,1716442754.0,1716442757.0,50602.0,1716442766.0,1716442772.0,5.0,,0.0,65.0,6.0,36.0,1416520177.0,3.0,140909.0,poseidon,condorpool,poseidon-worker-2-container-20-23,plot_coinc_snrchi_ID155,/usr/local/bin/pycbc_page_coinc_snrchi,,4.2,0,0,0.1,46256568.0,7279909.0,9541.0,104.0,1.6,1.4,2312828.4,363995.5
page_injections_ID153_ID0000163,None,compute,0,1716442696.0,,,1716442701.0,1716442702.0,1716442724.0,85531539.0,1716442701.0,1716442751.0,1716442741.0,1716442744.0,2556.0,1716442751.0,1716442756.0,5.0,,0.0,50.0,5.0,22.0,1379983284.0,3.0,6912.0,poseidon,condorpool,poseidon-worker-1-container-40-43,page_injections_ID153,/usr/local/bin/pycbc_page_injtable,,3.3,0,0,0.0,34186725.0,3211651.0,8835.0,93.0,1.3,1.2,1709336.2,160582.6
page_injections_ID153_ID0000162,None,compute,0,1716442696.0,,,1716442701.0,1716442702.0,1716442732.0,59067743.5,1716442701.0,1716442761.0,1716442748.0,1716442751.0,9560.0,1716442761.0,1716442766.0,5.0,,0.0,60.0,5.0,30.0,1384444745.0,3.0,26777.0,poseidon,condorpool,poseidon-worker-2-container-44-47,page_injections_ID153,/usr/local/bin/pycbc_page_injtable,,3.7,0,0,0.0,42555660.0,7279909.0,9094.0,104.0,1.7,1.4,2127783.0,363995.5
plot_coinc_snrchi_ID155_ID0000172,None,compute,0,1716442696.0,,,1716442701.0,1716442702.0,1716442718.0,137692388.4,1716442701.0,1716442746.0,1716442737.0,1716442740.0,37969.0,1716442746.0,1716442751.0,5.0,,0.0,45.0,5.0,16.0,1391659452.0,3.0,104559.0,poseidon,condorpool,poseidon-worker-1-container-0-3,plot_coinc_snrchi_ID155,/usr/local/bin/pycbc_page_coinc_snrchi,,4.1,0,0,0.0,36799142.0,2883971.0,9203.0,88.0,1.4,1.2,1839957.1,144198.5
plot_coinc_snrchi_ID155_ID0000171,cpu_3,compute,0,1716442696.0,,,1716442701.0,1716442702.0,1716442724.0,84705905.8,1716442701.0,1716442751.0,1716442742.0,1716442744.0,39948.0,1716442751.0,1716442756.0,5.0,,0.0,50.0,5.0,22.0,1391073586.0,2.0,109301.0,poseidon,condorpool,poseidon-worker-1-container-36-39,plot_coinc_snrchi_ID155,/usr/local/bin/pycbc_page_coinc_snrchi,,3.8,0,0,0.1,37090588.0,3277187.0,9148.0,94.0,1.3,1.2,1854529.4,163859.3
pegasus-plan_ID0000174,None,subwf,0,1716442696.0,1716442696.0,1716442703.0,1716442706.0,,,0.0,1716442706.0,1716442947.0,,,0.0,,,0.0,7.0,0.0,241.0,,,,,,poseidon,local,poseidon-submit,condor::dagman,/usr/bin/condor_dagman,-p 0  -f -l . -Notification never -Debug 3 -Lockfile H1L1V1-INJECTION_MINIFOLLOWUP_BBH-1186740100-3400.dag.lock -Dag H1L1V1-INJECTION_MINIFOLLOWUP_BBH-1186740100-3400.dag -AllowVersionMismatch  -AutoRescue 1 -DoRescueFrom 0,0.0,0,0,,,,,,,,,
plot_coinc_snrchi_ID155_ID0000169,None,compute,0,1716442696.0,,,1716442701.0,1716442702.0,1716442731.0,62695166.0,1716442701.0,1716442761.0,1716442749.0,1716442752.0,41429.0,1716442761.0,1716442766.0,5.0,,0.0,60.0,5.0,29.0,1417265764.0,3.0,115955.0,poseidon,condorpool,poseidon-worker-2-container-16-19,plot_coinc_snrchi_ID155,/usr/local/bin/pycbc_page_coinc_snrchi,,4.2,0,0,0.1,38390262.0,2818435.0,9075.0,87.0,1.5,1.3,1919513.1,140921.8
plot_coinc_snrchi_ID155_ID0000170,None,compute,0,1716442696.0,,,1716442701.0,1716442702.0,1716442728.0,68756267.6,1716442701.0,1716442756.0,1716442745.0,1716442748.0,41463.0,1716442756.0,1716442761.0,5.0,,0.0,55.0,5.0,26.0,1390684033.0,3.0,113320.0,poseidon,condorpool,poseidon-worker-1-container-40-43,plot_coinc_snrchi_ID155,/usr/local/bin/pycbc_page_coinc_snrchi,,4.0,0,0,0.1,37144082.0,3408259.0,9206.0,96.0,1.4,1.2,1857204.1,170412.9
stage_out_local_condorpool_0_1_pegasus-plan_ID0000082,None,transfer,0,1716442697.0,,,1716442702.0,,,0.0,1716442706.0,1716442717.0,1716442707.0,1716442711.0,294742.0,1716442717.0,1716442722.0,5.0,,4.0,11.0,5.0,,,4.0,1189715.0,poseidon,local,poseidon-submit,pegasus::transfer,/mnt/poseidon-data/poseidon/pegasus-5.1.0panorama/bin/pegasus-transfer,/home/poseidon/pegasus-5.1.0panorama/bin/../bin/pegasus-kickstart  -n pegasus::transfer -N null -i - -R local  -L H1L1V1-FOREGROUND_MINIFOLLOWUP_FULL_DATA_FOREGROUND-1186740100-3400 -T 2024-03-13T22:37:56+00:00 /home/poseidon/pegasus-5.1.0panorama/bin/../bin/pegasus-transfer  --threads 2,0.8,0,0,,,,,,,,,
single_template_plot_ID4_ID0000005_pegasus-plan_ID0000082,cpu_3,compute,0,1716442697.0,,,1716442702.0,1716442703.0,1716442729.0,70011411.6,1716442702.0,1716442747.0,1716442738.0,1716442741.0,39251.0,1716442747.0,1716442752.0,5.0,,0.0,45.0,5.0,26.0,1389826192.0,3.0,110810.0,poseidon,condorpool,poseidon-worker-2-container-32-35,single_template_plot_ID4,/usr/local/bin/pycbc_single_template_plot,,2.8,0,0,,,,,,,,,
plot_sensitivity_ID166_ID0000176,None,compute,0,1716442701.0,,,1716442706.0,1716442707.0,1716442736.0,61869915.9,1716442706.0,1716442756.0,1716442744.0,1716442747.0,7595.0,1716442756.0,1716442761.0,5.0,,0.0,50.0,5.0,29.0,1379983284.0,3.0,20660.0,poseidon,condorpool,poseidon-worker-1-container-0-3,plot_sensitivity_ID166,/usr/local/bin/pycbc_page_sensitivity,,2.9,0,0,,,,,,,,,
plot_foundmissed_ID151_ID0000183,cpu_3,compute,0,1716442701.0,,,1716442706.0,1716442708.0,1716442732.0,74832592.6,1716442706.0,1716442761.0,1716442750.0,1716442753.0,20693.0,1716442761.0,1716442766.0,5.0,,0.0,55.0,5.0,24.0,1379983284.0,3.0,58096.0,poseidon,condorpool,poseidon-worker-1-container-28-31,plot_foundmissed_ID151,/usr/local/bin/pycbc_page_foundmissed,,3.9,0,0,0.0,42377936.0,7280078.0,8820.0,105.0,1.5,1.2,2118896.8,364003.9
plot_sensitivity_ID166_ID0000180,cpu_3,compute,0,1716442701.0,,,1716442706.0,1716442708.0,1716442726.0,106443827.5,1716442706.0,1716442746.0,1716442735.0,1716442738.0,6797.0,1716442746.0,1716442751.0,5.0,,0.0,40.0,5.0,18.0,1379983284.0,3.0,20664.0,poseidon,condorpool,poseidon-worker-1-container-24-27,plot_sensitivity_ID166,/usr/local/bin/pycbc_page_sensitivity,,2.9,0,0,,,,,,,,,
plot_foundmissed_ID151_ID0000182,None,compute,0,1716442701.0,,,1716442706.0,1716442708.0,1716442730.0,83327249.6,1716442707.0,1716442756.0,1716442747.0,1716442750.0,20691.0,1716442756.0,1716442761.0,5.0,,1.0,49.0,5.0,22.0,1379983284.0,3.0,58088.0,poseidon,condorpool,poseidon-worker-2-container-36-39,plot_foundmissed_ID151,/usr/local/bin/pycbc_page_foundmissed,,4.1,0,0,0.0,42412448.0,7280078.0,8818.0,105.0,1.6,1.4,2120622.4,364003.9
plot_sensitivity_ID166_ID0000181,None,compute,0,1716442701.0,,,1716442706.0,1716442707.0,1716442729.0,88559593.2,1716442707.0,1716442746.0,1716442737.0,1716442740.0,6317.0,1716442746.0,1716442751.0,5.0,,1.0,39.0,5.0,22.0,1379983284.0,3.0,17252.0,poseidon,condorpool,poseidon-worker-1-container-32-35,plot_sensitivity_ID166,/usr/local/bin/pycbc_page_sensitivity,,3.1,0,0,,,,,,,,,
plot_foundmissed_ID151_ID0000178,None,compute,0,1716442701.0,,,1716442706.0,1716442707.0,1716442731.0,77138409.7,1716442706.0,1716442761.0,1716442748.0,1716442751.0,20699.0,1716442761.0,1716442766.0,5.0,,0.0,55.0,5.0,24.0,1379983284.0,3.0,58096.0,poseidon,condorpool,poseidon-worker-2-container-20-23,plot_foundmissed_ID151,/usr/local/bin/pycbc_page_foundmissed,,4.3,0,0,0.1,42412352.0,7280078.0,9032.0,105.0,1.7,1.3,2120617.6,364003.9
plot_foundmissed_ID151_ID0000179,None,compute,0,1716442701.0,,,1716442706.0,1716442707.0,1716442728.0,94649595.6,1716442706.0,1716442756.0,1716442746.0,1716442748.0,20963.0,1716442756.0,1716442761.0,5.0,,0.0,50.0,5.0,21.0,1379983284.0,2.0,58104.0,poseidon,condorpool,poseidon-worker-2-container-4-7,plot_foundmissed_ID151,/usr/local/bin/pycbc_page_foundmissed,,4.0,0,0,0.0,34777023.0,3211820.0,8777.0,94.0,1.4,1.3,1738851.2,160591.0
plot_sensitivity_ID166_ID0000177,None,compute,0,1716442701.0,,,1716442706.0,1716442707.0,1716442732.0,73489213.4,1716442706.0,1716442751.0,1716442741.0,1716442744.0,6329.0,1716442751.0,1716442756.0,5.0,,0.0,45.0,5.0,25.0,1379983284.0,3.0,17248.0,poseidon,condorpool,poseidon-worker-2-container-16-19,plot_sensitivity_ID166,/usr/local/bin/pycbc_page_sensitivity,,3.1,0,0,,,,,,,,,
single_template_plot_ID4_ID0000005_pegasus-plan_ID0000084,cpu_3,compute,0,1716442702.0,,,1716442707.0,1716442709.0,1716442734.0,75120718.1,1716442708.0,1716442757.0,1716442746.0,1716442749.0,45575.0,1716442757.0,1716442762.0,5.0,,1.0,49.0,5.0,25.0,1389826192.0,3.0,129581.0,poseidon,condorpool,poseidon-worker-2-container-32-35,single_template_plot_ID4,/usr/local/bin/pycbc_single_template_plot,,2.9,0,0,0.1,30821572.0,63083.0,7484.0,34.0,1.3,1.1,3082157.2,6308.3
stage_out_local_condorpool_11_1,None,transfer,0,1716442706.0,,,1716442711.0,,,0.0,1716442712.0,1716442726.0,1716442712.0,1716442716.0,167953.0,1716442726.0,1716442731.0,5.0,,1.0,14.0,5.0,,,4.0,677639.0,poseidon,local,poseidon-submit,pegasus::transfer,/mnt/poseidon-data/poseidon/pegasus-5.1.0panorama/bin/pegasus-transfer,pegasus-kickstart  -n pegasus::transfer -N null -i - -R local  -L pycbc-search -T 2024-03-27T21:26:08+00:00 pegasus-transfer  --threads 2,1.0,0,0,,,,,,,,,
stage_out_local_condorpool_11_0,None,transfer,0,1716442706.0,,,1716442711.0,,,0.0,1716442712.0,1716442726.0,1716442712.0,1716442716.0,150158.0,1716442726.0,1716442731.0,5.0,,1.0,14.0,5.0,,,4.0,605823.0,poseidon,local,poseidon-submit,pegasus::transfer,/mnt/poseidon-data/poseidon/pegasus-5.1.0panorama/bin/pegasus-transfer,pegasus-kickstart  -n pegasus::transfer -N null -i - -R local  -L pycbc-search -T 2024-03-27T21:26:08+00:00 pegasus-transfer  --threads 2,1.1,0,0,,,,,,,,,
create_dir_H1L1V1-INJECTION_MINIFOLLOWUP_BBH-1186740100-3400.dax_0_condorpool_pegasus-plan_ID0000174,None,auxiliary,0,1716442706.0,,,1716442707.0,,,0.0,1716442712.0,1716442722.0,,,0.0,1716442722.0,1716442727.0,1.0,,5.0,10.0,5.0,,,,,poseidon,local,poseidon-submit,pegasus::dirmanager,/mnt/poseidon-data/poseidon/pegasus-5.1.0panorama/bin/pegasus-transfer,pegasus-kickstart  -n pegasus::dirmanager -N null -i - -R local  -L H1L1V1-INJECTION_MINIFOLLOWUP_BBH-1186740100-3400 -T 2024-03-13T22:37:56+00:00 pegasus-transfer,0.3,0,0,,,,,,,,,
register_condorpool_0_1_pegasus-plan_ID0000084,None,auxiliary,0,1716442712.0,,,1716442717.0,,,0.0,1716442718.0,1716442722.0,,,0.0,1716442722.0,1716442727.0,5.0,,1.0,4.0,5.0,,,,,poseidon,local,poseidon-submit,pegasus::rc-client,/mnt/poseidon-data/poseidon/pegasus-5.1.0panorama/bin/pegasus-rc-client,"-n pegasus::rc-client -N null -R local  -L H1L1V1-FOREGROUND_MINIFOLLOWUP_FULL_DATA_BACKGROUND-1186740100-3400 -T 2024-03-13T22:37:56+00:00 /home/poseidon/pegasus-5.1.0panorama/bin/pegasus-rc-client --prefix pegasus.catalog.replica.output --conf /mnt/poseidon-data/poseidon/workflows/pycbc/search/poseidon/submit/poseidon/pegasus/pycbc-search/run0416/00/03/./H1L1V1-FOREGROUND_MINIFOLLOWUP_FULL_DATA_BACKGROUND-1186740100-3400.dax_ID0000084.000/pegasus.2552875219569950968.properties -v --meta /mnt/poseidon-data/poseidon/workflows/pycbc/search/poseidon/submit/poseidon/pegasus/pycbc-search/run0416/00/03/./H1L1V1-FOREGROUND_MINIFOLLOWUP_FULL_DATA_BACKGROUND-1186740100-3400.dax_ID0000084.000/00/00/plot_trigger_timeseries_ID1_ID0000003.meta,/mnt/poseidon-data/poseidon/workflows/pycbc/search/poseidon/submit/poseidon/pegasus/pycbc-search/run0416/00/03/./H1L1V1-FOREGROUND_MINIFOLLOWUP_FULL_DATA_BACKGROUND-1186740100-3400.dax_ID0000084.000/00/00/plot_trigger_timeseries_ID1_ID0000002.meta,/mnt/poseidon-data/poseidon/workflows/pycbc/search/poseidon/submit/poseidon/pegasus/pycbc-search/run0416/00/03/./H1L1V1-FOREGROUND_MINIFOLLOWUP_FULL_DATA_BACKGROUND-1186740100-3400.dax_ID0000084.000/00/00/plot_singles_timefreq_ID9_ID0000014.meta,/mnt/poseidon-data/poseidon/workflows/pycbc/search/poseidon/submit/poseidon/pegasus/pycbc-search/run0416/00/03/./H1L1V1-FOREGROUND_MINIFOLLOWUP_FULL_DATA_BACKGROUND-1186740100-3400.dax_ID0000084.000/00/00/plot_singles_timefreq_ID9_ID0000010.meta,/mnt/poseidon-data/poseidon/workflows/pycbc/search/poseidon/submit/poseidon/pegasus/pycbc-search/run0416/00/03/./H1L1V1-FOREGROUND_MINIFOLLOWUP_FULL_DATA_BACKGROUND-1186740100-3400.dax_ID0000084.000/00/00/plot_qscan_ID10_ID0000015.meta,/mnt/poseidon-data/poseidon/workflows/pycbc/search/poseidon/submit/poseidon/pegasus/pycbc-search/run0416/00/03/./H1L1V1-FOREGROUND_MINIFOLLOWUP_FULL_DATA_BACKGROUND-1186740100-3400.dax_ID0000084.000/00/00/page_coincinfo_ID0_ID0000001.meta --insert /mnt/poseidon-data/poseidon/workflows/pycbc/search/poseidon/submit/poseidon/pegasus/pycbc-search/run0416/00/03/./H1L1V1-FOREGROUND_MINIFOLLOWUP_FULL_DATA_BACKGROUND-1186740100-3400.dax_ID0000084.000/00/00/register_condorpool_0_1.in",3.2,0,0,,,,,,,,,
single_template_plot_ID4_ID0000009_pegasus-plan_ID0000084,cpu_3,compute,0,1716442712.0,,,1716442717.0,1716442720.0,1716442737.0,130931184.4,1716442718.0,1716442762.0,1716442750.0,1716442753.0,36707.0,1716442762.0,1716442767.0,5.0,,1.0,44.0,5.0,17.0,1389826192.0,3.0,108776.0,poseidon,condorpool,poseidon-worker-2-container-24-27,single_template_plot_ID4,/usr/local/bin/pycbc_single_template_plot,,3.0,0,0,0.0,29327100.0,63083.0,6988.0,34.0,1.3,1.0,2932710.0,6308.3
single_template_plot_ID4_ID0000007_pegasus-plan_ID0000084,cpu_3,compute,0,1716442712.0,,,1716442717.0,1716442720.0,1716442737.0,133062191.0,1716442718.0,1716442762.0,1716442750.0,1716442753.0,43175.0,1716442762.0,1716442767.0,5.0,,1.0,44.0,5.0,17.0,1389826192.0,3.0,123543.0,poseidon,condorpool,poseidon-worker-2-container-24-27,single_template_plot_ID4,/usr/local/bin/pycbc_single_template_plot,,3.0,0,0,0.1,29178386.0,63083.0,6985.0,34.0,1.2,1.1,2917838.6,6308.3
stage_out_local_condorpool_0_0_pegasus-plan_ID0000082,None,transfer,0,1716442712.0,,,1716442717.0,,,0.0,1716442717.0,1716442727.0,1716442717.0,1716442721.0,244297.0,1716442727.0,1716442732.0,5.0,,0.0,10.0,5.0,,,4.0,984959.0,poseidon,local,poseidon-submit,pegasus::transfer,/mnt/poseidon-data/poseidon/pegasus-5.1.0panorama/bin/pegasus-transfer,/home/poseidon/pegasus-5.1.0panorama/bin/../bin/pegasus-kickstart  -n pegasus::transfer -N null -i - -R local  -L H1L1V1-FOREGROUND_MINIFOLLOWUP_FULL_DATA_FOREGROUND-1186740100-3400 -T 2024-03-13T22:37:56+00:00 /home/poseidon/pegasus-5.1.0panorama/bin/../bin/pegasus-transfer  --threads 2,0.5,0,0,,,,,,,,,
single_template_plot_ID4_ID0000009_pegasus-plan_ID0000082,cpu_3,compute,0,1716442712.0,,,1716442717.0,1716442720.0,1716442739.0,119136762.3,1716442718.0,1716442757.0,1716442748.0,1716442751.0,39476.0,1716442757.0,1716442762.0,5.0,,1.0,39.0,5.0,19.0,1389826192.0,3.0,110741.0,poseidon,condorpool,poseidon-worker-2-container-32-35,single_template_plot_ID4,/usr/local/bin/pycbc_single_template_plot,,3.0,0,0,,,,,,,,,
stage_out_local_condorpool_0_0_pegasus-plan_ID0000084,None,transfer,0,1716442717.0,,,1716442722.0,,,0.0,1716442722.0,1716442737.0,1716442723.0,1716442727.0,254689.0,1716442737.0,1716442742.0,5.0,,0.0,15.0,5.0,,,4.0,1027618.0,poseidon,local,poseidon-submit,pegasus::transfer,/mnt/poseidon-data/poseidon/pegasus-5.1.0panorama/bin/pegasus-transfer,/home/poseidon/pegasus-5.1.0panorama/bin/../bin/pegasus-kickstart  -n pegasus::transfer -N null -i - -R local  -L H1L1V1-FOREGROUND_MINIFOLLOWUP_FULL_DATA_BACKGROUND-1186740100-3400 -T 2024-03-13T22:37:56+00:00 /home/poseidon/pegasus-5.1.0panorama/bin/../bin/pegasus-transfer  --threads 2,0.5,0,0,,,,,,,,,
register_condorpool_0_1_pegasus-plan_ID0000082,None,auxiliary,0,1716442722.0,,,1716442727.0,,,0.0,1716442727.0,1716442732.0,,,0.0,1716442732.0,1716442737.0,5.0,,0.0,5.0,5.0,,,,,poseidon,local,poseidon-submit,pegasus::rc-client,/mnt/poseidon-data/poseidon/pegasus-5.1.0panorama/bin/pegasus-rc-client,"-n pegasus::rc-client -N null -R local  -L H1L1V1-FOREGROUND_MINIFOLLOWUP_FULL_DATA_FOREGROUND-1186740100-3400 -T 2024-03-13T22:37:56+00:00 /home/poseidon/pegasus-5.1.0panorama/bin/pegasus-rc-client --prefix pegasus.catalog.replica.output --conf /mnt/poseidon-data/poseidon/workflows/pycbc/search/poseidon/submit/poseidon/pegasus/pycbc-search/run0416/00/03/./H1L1V1-FOREGROUND_MINIFOLLOWUP_FULL_DATA_FOREGROUND-1186740100-3400.dax_ID0000082.000/pegasus.13255251192124522625.properties -v --meta /mnt/poseidon-data/poseidon/workflows/pycbc/search/poseidon/submit/poseidon/pegasus/pycbc-search/run0416/00/03/./H1L1V1-FOREGROUND_MINIFOLLOWUP_FULL_DATA_FOREGROUND-1186740100-3400.dax_ID0000082.000/00/00/plot_trigger_timeseries_ID1_ID0000003.meta,/mnt/poseidon-data/poseidon/workflows/pycbc/search/poseidon/submit/poseidon/pegasus/pycbc-search/run0416/00/03/./H1L1V1-FOREGROUND_MINIFOLLOWUP_FULL_DATA_FOREGROUND-1186740100-3400.dax_ID0000082.000/00/00/plot_trigger_timeseries_ID1_ID0000002.meta,/mnt/poseidon-data/poseidon/workflows/pycbc/search/poseidon/submit/poseidon/pegasus/pycbc-search/run0416/00/03/./H1L1V1-FOREGROUND_MINIFOLLOWUP_FULL_DATA_FOREGROUND-1186740100-3400.dax_ID0000082.000/00/00/plot_singles_timefreq_ID9_ID0000014.meta,/mnt/poseidon-data/poseidon/workflows/pycbc/search/poseidon/submit/poseidon/pegasus/pycbc-search/run0416/00/03/./H1L1V1-FOREGROUND_MINIFOLLOWUP_FULL_DATA_FOREGROUND-1186740100-3400.dax_ID0000082.000/00/00/plot_singles_timefreq_ID9_ID0000010.meta,/mnt/poseidon-data/poseidon/workflows/pycbc/search/poseidon/submit/poseidon/pegasus/pycbc-search/run0416/00/03/./H1L1V1-FOREGROUND_MINIFOLLOWUP_FULL_DATA_FOREGROUND-1186740100-3400.dax_ID0000082.000/00/00/plot_qscan_ID10_ID0000015.meta,/mnt/poseidon-data/poseidon/workflows/pycbc/search/poseidon/submit/poseidon/pegasus/pycbc-search/run0416/00/03/./H1L1V1-FOREGROUND_MINIFOLLOWUP_FULL_DATA_FOREGROUND-1186740100-3400.dax_ID0000082.000/00/00/page_coincinfo_ID0_ID0000001.meta --insert /mnt/poseidon-data/poseidon/workflows/pycbc/search/poseidon/submit/poseidon/pegasus/pycbc-search/run0416/00/03/./H1L1V1-FOREGROUND_MINIFOLLOWUP_FULL_DATA_FOREGROUND-1186740100-3400.dax_ID0000082.000/00/00/register_condorpool_0_1.in",3.3,0,0,,,,,,,,,
single_template_plot_ID4_ID0000007_pegasus-plan_ID0000082,cpu_3,compute,0,1716442722.0,,,1716442727.0,1716442745.0,1716442768.0,80988932.1,1716442744.0,1716442787.0,1716442777.0,1716442780.0,34694.0,1716442787.0,1716442792.0,5.0,,17.0,43.0,5.0,23.0,1389826192.0,3.0,99103.0,poseidon,condorpool,poseidon-worker-1-container-24-27,single_template_plot_ID4,/usr/local/bin/pycbc_single_template_plot,,2.9,0,0,,,,,,,,,
single_template_ID13_ID0000038_pegasus-plan_ID0000174,None,compute,0,1716442727.0,,,1716442732.0,1716442747.0,1716442781.0,54322516.2,1716442746.0,1716442832.0,1716442819.0,1716442822.0,3486945.0,1716442832.0,1716442837.0,5.0,,14.0,86.0,5.0,34.0,1485694215.0,3.0,9945232.0,poseidon,condorpool,poseidon-worker-1-container-20-23,single_template_ID13,/usr/local/bin/pycbc_single_template,,33.3,0,0,0.0,660812807.0,28470.0,4881.0,27.0,24.1,5.7,11013546.8,2847.0
page_snglinfo_ID2_ID0000004_pegasus-plan_ID0000174,cpu_3,compute,0,1716442727.0,,,1716442732.0,1716442750.0,1716442773.0,80835280.6,1716442746.0,1716442792.0,1716442782.0,1716442784.0,1337.0,1716442792.0,1716442797.0,5.0,,14.0,46.0,5.0,23.0,1381334548.0,2.0,3612.0,poseidon,condorpool,poseidon-worker-1-container-28-31,page_snglinfo_ID2,/usr/local/bin/pycbc_page_snglinfo,,2.7,0,0,,,,,,,,,
single_template_ID13_ID0000016_pegasus-plan_ID0000174,cpu_3,compute,0,1716442727.0,,,1716442732.0,1716442747.0,1716442776.0,66627535.3,1716442746.0,1716442832.0,1716442823.0,1716442825.0,3477859.0,1716442832.0,1716442837.0,5.0,,14.0,86.0,5.0,29.0,1488846737.0,2.0,9945232.0,poseidon,condorpool,poseidon-worker-1-container-36-39,single_template_ID13,/usr/local/bin/pycbc_single_template,,34.1,0,0,0.1,683378249.0,3308279.0,6119.0,89.0,27.3,5.6,8542228.1,110276.0
plot_trigger_timeseries_ID5_ID0000006_pegasus-plan_ID0000174,None,compute,0,1716442727.0,,,1716442732.0,1716442747.0,1716442777.0,59833007.2,1716442746.0,1716442797.0,1716442785.0,1716442788.0,6783.0,1716442797.0,1716442802.0,5.0,,14.0,51.0,5.0,30.0,1384342421.0,3.0,18479.0,poseidon,condorpool,poseidon-worker-1-container-44-47,plot_trigger_timeseries_ID5,/usr/local/bin/pycbc_plot_trigger_timeseries,,3.1,0,0,,,,,,,,,
plot_trigger_timeseries_ID5_ID0000007_pegasus-plan_ID0000174,None,compute,0,1716442727.0,,,1716442732.0,1716442748.0,1716442770.0,85641204.5,1716442746.0,1716442787.0,1716442778.0,1716442781.0,8049.0,1716442787.0,1716442792.0,5.0,,14.0,41.0,5.0,22.0,1384342421.0,3.0,21844.0,poseidon,condorpool,poseidon-worker-2-container-40-43,plot_trigger_timeseries_ID5,/usr/local/bin/pycbc_plot_trigger_timeseries,,2.8,0,0,,,,,,,,,
single_template_ID13_ID0000034_pegasus-plan_ID0000174,None,compute,0,1716442727.0,,,1716442732.0,1716442748.0,1716442787.0,44136044.7,1716442746.0,1716442837.0,1716442826.0,1716442828.0,3459326.0,1716442837.0,1716442842.0,5.0,,14.0,91.0,5.0,39.0,1488846737.0,2.0,9945232.0,poseidon,condorpool,poseidon-worker-2-container-20-23,single_template_ID13,/usr/local/bin/pycbc_single_template,,33.1,0,0,0.0,679701836.0,28470.0,4819.0,27.0,24.1,5.7,11328363.9,2847.0
single_template_ID13_ID0000036_pegasus-plan_ID0000174,None,compute,0,1716442727.0,,,1716442732.0,1716442748.0,1716442786.0,46128801.9,1716442746.0,1716442837.0,1716442824.0,1716442827.0,3452257.0,1716442837.0,1716442842.0,5.0,,14.0,91.0,5.0,38.0,1509423236.0,3.0,9945232.0,poseidon,condorpool,poseidon-worker-2-container-44-47,single_template_ID13,/usr/local/bin/pycbc_single_template,,32.4,0,0,0.0,803160818.0,28470.0,4824.0,27.0,25.5,4.3,13386013.6,2847.0
page_snglinfo_ID2_ID0000005_pegasus-plan_ID0000174,None,compute,0,1716442727.0,,,1716442732.0,1716442748.0,1716442782.0,48843118.9,1716442746.0,1716442802.0,1716442792.0,1716442795.0,1339.0,1716442802.0,1716442807.0,5.0,,14.0,56.0,5.0,34.0,1381360079.0,3.0,3614.0,poseidon,condorpool,poseidon-worker-1-container-32-35,page_snglinfo_ID2,/usr/local/bin/pycbc_page_snglinfo,,3.1,0,0,,,,,,,,,
plot_singles_timefreq_ID7_ID0000012_pegasus-plan_ID0000174,None,compute,0,1716442727.0,,,1716442732.0,1716442748.0,1716442773.0,80316718.7,1716442746.0,1716442807.0,1716442796.0,1716442799.0,140032.0,1716442807.0,1716442812.0,5.0,,14.0,61.0,5.0,25.0,1510835828.0,3.0,386369.0,poseidon,condorpool,poseidon-worker-2-container-28-31,plot_singles_timefreq_ID7,/usr/local/bin/pycbc_plot_singles_timefreq,,18.3,0,0,0.0,812284912.0,63205.0,8047.0,37.0,12.6,2.3,27076163.7,3160.2
single_template_ID13_ID0000032_pegasus-plan_ID0000174,None,compute,0,1716442727.0,,,1716442732.0,1716442748.0,1716442780.0,57500281.0,1716442746.0,1716442827.0,1716442816.0,1716442819.0,3350946.0,1716442827.0,1716442832.0,5.0,,14.0,81.0,5.0,32.0,1485694215.0,3.0,9945232.0,poseidon,condorpool,poseidon-worker-2-container-4-7,single_template_ID13,/usr/local/bin/pycbc_single_template,,31.0,0,0,0.1,660787985.0,28470.0,4823.0,27.0,25.7,4.1,11013133.1,2847.0
page_injinfo_ID0_ID0000001_pegasus-plan_ID0000174,None,compute,0,1716442727.0,,,1716442732.0,1716442748.0,1716442774.0,67074043.5,1716442746.0,1716442792.0,1716442783.0,1716442785.0,1200.0,1716442792.0,1716442797.0,5.0,,14.0,46.0,5.0,26.0,1379983284.0,2.0,3241.0,poseidon,condorpool,poseidon-worker-2-container-0-3,page_injinfo_ID0,/usr/local/bin/pycbc_page_injinfo,,2.7,0,0,,,,,,,,,
plot_singles_timefreq_ID7_ID0000010_pegasus-plan_ID0000174,cpu_3,compute,0,1716442727.0,,,1716442732.0,1716442747.0,1716442777.0,62824433.1,1716442746.0,1716442812.0,1716442799.0,1716442802.0,139544.0,1716442812.0,1716442817.0,5.0,,14.0,66.0,5.0,30.0,1490233798.0,3.0,386964.0,poseidon,condorpool,poseidon-worker-1-container-16-19,plot_singles_timefreq_ID7,/usr/local/bin/pycbc_plot_singles_timefreq,,16.7,0,0,0.1,689853990.0,63552.0,8672.0,45.0,12.5,2.4,22995133.0,3177.6
page_coincinfo_ID1_ID0000002_pegasus-plan_ID0000174,cpu_3,compute,0,1716442727.0,,,1716442732.0,1716442747.0,1716442775.0,65366437.0,1716442746.0,1716442792.0,1716442783.0,1716442786.0,2335.0,1716442792.0,1716442797.0,5.0,,14.0,46.0,5.0,28.0,1384477935.0,3.0,6430.0,poseidon,condorpool,poseidon-worker-1-container-8-11,page_coincinfo_ID1,/usr/local/bin/pycbc_page_coincinfo,,2.8,0,0,,,,,,,,,
plot_qscan_ID8_ID0000009_pegasus-plan_ID0000174,cpu_3,compute,0,1716442727.0,,,1716442732.0,1716442747.0,1716442776.0,67609190.6,1716442746.0,1716442812.0,1716442799.0,1716442802.0,95409.0,1716442812.0,1716442817.0,5.0,,14.0,66.0,5.0,29.0,1485690844.0,3.0,262712.0,poseidon,condorpool,poseidon-worker-1-container-12-15,plot_qscan_ID8,/usr/local/bin/pycbc_plot_qscan,,16.6,0,0,0.0,670149974.0,63732.0,8297.0,46.0,12.6,2.2,22338332.5,3186.6
single_template_ID13_ID0000044_pegasus-plan_ID0000174,cpu_3,compute,0,1716442727.0,,,1716442732.0,1716442747.0,1716442780.0,57905224.0,1716442746.0,1716442827.0,1716442818.0,1716442821.0,3493727.0,1716442827.0,1716442832.0,5.0,,14.0,81.0,5.0,33.0,1485694215.0,3.0,9945232.0,poseidon,condorpool,poseidon-worker-1-container-4-7,single_template_ID13,/usr/local/bin/pycbc_single_template,,33.0,0,0,0.0,660786408.0,28470.0,4825.0,27.0,24.4,5.5,11013106.8,2847.0
single_template_ID13_ID0000022_pegasus-plan_ID0000174,None,compute,0,1716442727.0,,,1716442732.0,1716442749.0,1716442770.0,99901813.3,1716442748.0,1716442827.0,1716442816.0,1716442819.0,3454529.0,1716442827.0,1716442832.0,5.0,,16.0,79.0,5.0,21.0,1488846737.0,3.0,9945232.0,poseidon,condorpool,poseidon-worker-1-container-40-43,single_template_ID13,/usr/local/bin/pycbc_single_template,,34.3,0,0,0.1,683654478.0,3570423.0,6148.0,93.0,27.3,5.7,8545681.0,119014.1
single_template_ID13_ID0000046_pegasus-plan_ID0000174,cpu_3,compute,0,1716442727.0,,,1716442732.0,1716442750.0,1716442776.0,75460715.1,1716442747.0,1716442842.0,1716442831.0,1716442834.0,3481868.0,1716442842.0,1716442847.0,5.0,,15.0,95.0,5.0,26.0,1488846737.0,3.0,9945232.0,poseidon,condorpool,poseidon-worker-1-container-24-27,single_template_ID13,/usr/local/bin/pycbc_single_template,,32.7,0,0,0.1,679767136.0,4222782.0,4994.0,28.0,26.7,5.7,6797671.4,211139.1
single_template_ID13_ID0000024_pegasus-plan_ID0000174,None,compute,0,1716442727.0,,,1716442732.0,1716442748.0,1716442785.0,48775506.6,1716442747.0,1716442842.0,1716442833.0,1716442835.0,3463185.0,1716442842.0,1716442847.0,5.0,,15.0,95.0,5.0,37.0,1509423236.0,2.0,9945232.0,poseidon,condorpool,poseidon-worker-1-container-0-3,single_template_ID13,/usr/local/bin/pycbc_single_template,,34.3,0,0,0.1,806178066.0,2587383.0,6243.0,78.0,28.8,4.4,10077225.8,86246.1
single_template_ID13_ID0000048_pegasus-plan_ID0000174,cpu_3,compute,0,1716442727.0,,,1716442732.0,1716442750.0,1716442780.0,60489704.9,1716442746.0,1716442832.0,1716442820.0,1716442823.0,3465121.0,1716442832.0,1716442837.0,5.0,,14.0,86.0,5.0,30.0,1509423236.0,3.0,9945232.0,poseidon,condorpool,poseidon-worker-1-container-28-31,single_template_ID13,/usr/local/bin/pycbc_single_template,,34.0,0,0,0.1,803186743.0,28470.0,4882.0,27.0,24.2,5.5,13386445.7,2847.0
single_template_ID13_ID0000026_pegasus-plan_ID0000174,None,compute,0,1716442727.0,,,1716442732.0,1716442748.0,1716442787.0,44946158.2,1716442747.0,1716442842.0,1716442834.0,1716442837.0,3448833.0,1716442842.0,1716442847.0,5.0,,15.0,95.0,5.0,39.0,1485694215.0,3.0,9945232.0,poseidon,condorpool,poseidon-worker-1-container-32-35,single_template_ID13,/usr/local/bin/pycbc_single_template,,32.5,0,0,0.1,664484872.0,3308279.0,6196.0,89.0,27.3,4.2,8306060.9,110276.0
single_template_ID13_ID0000028_pegasus-plan_ID0000174,None,compute,0,1716442727.0,,,1716442732.0,1716442748.0,1716442782.0,51213970.8,1716442747.0,1716442842.0,1716442829.0,1716442832.0,3445794.0,1716442842.0,1716442847.0,5.0,,15.0,95.0,5.0,34.0,1488846737.0,3.0,9945232.0,poseidon,condorpool,poseidon-worker-1-container-20-23,single_template_ID13,/usr/local/bin/pycbc_single_template,,32.7,0,0,0.0,683607786.0,3504887.0,6289.0,92.0,27.5,4.1,8545097.3,116829.6
single_template_ID13_ID0000030_pegasus-plan_ID0000174,cpu_3,compute,0,1716442727.0,,,1716442732.0,1716442748.0,1716442782.0,53050969.9,1716442746.0,1716442842.0,1716442829.0,1716442832.0,3459967.0,1716442842.0,1716442847.0,5.0,,14.0,96.0,5.0,34.0,1509423236.0,3.0,9945232.0,poseidon,condorpool,poseidon-worker-2-container-8-11,single_template_ID13,/usr/local/bin/pycbc_single_template,,34.3,0,0,0.1,806448244.0,2915063.0,5958.0,83.0,27.6,5.7,10080603.1,97168.8
plot_qscan_ID8_ID0000013_pegasus-plan_ID0000174,None,compute,0,1716442727.0,,,1716442732.0,1716442748.0,1716442775.0,70416303.7,1716442746.0,1716442807.0,1716442798.0,1716442801.0,107126.0,1716442807.0,1716442812.0,5.0,,14.0,61.0,5.0,27.0,1509419865.0,3.0,295160.0,poseidon,condorpool,poseidon-worker-2-container-16-19,plot_qscan_ID8,/usr/local/bin/pycbc_plot_qscan,,17.7,0,0,0.0,812422271.0,63205.0,8266.0,37.0,12.6,2.2,27080742.4,3160.2
single_template_ID13_ID0000014_pegasus-plan_ID0000174,None,compute,0,1716442727.0,,,1716442732.0,1716442748.0,1716442786.0,46314111.1,1716442746.0,1716442842.0,1716442833.0,1716442836.0,3449718.0,1716442842.0,1716442847.0,5.0,,14.0,96.0,5.0,38.0,1485694215.0,3.0,9945232.0,poseidon,condorpool,poseidon-worker-2-container-12-15,single_template_ID13,/usr/local/bin/pycbc_single_template,,33.3,0,0,0.0,664275674.0,3111671.0,6006.0,86.0,26.5,5.7,8303445.9,103722.4
plot_singles_timefreq_ID7_ID0000008_pegasus-plan_ID0000174,cpu_3,compute,0,1716442727.0,,,1716442732.0,1716442750.0,1716442778.0,70360682.9,1716442747.0,1716442812.0,1716442800.0,1716442802.0,139578.0,1716442812.0,1716442817.0,5.0,,15.0,65.0,5.0,28.0,1487256012.0,2.0,382976.0,poseidon,condorpool,poseidon-worker-2-container-24-27,plot_singles_timefreq_ID7,/usr/local/bin/pycbc_plot_singles_timefreq,,16.9,0,0,0.1,671023061.0,63552.0,8720.0,45.0,12.6,2.2,22367435.4,3177.6
plot_qscan_ID8_ID0000011_pegasus-plan_ID0000174,cpu_3,compute,0,1716442727.0,,,1716442732.0,1716442748.0,1716442780.0,61925387.3,1716442746.0,1716442832.0,1716442820.0,1716442823.0,88123.0,1716442832.0,1716442837.0,5.0,,14.0,86.0,5.0,32.0,1488843366.0,3.0,259045.0,poseidon,condorpool,poseidon-worker-1-container-24-27,plot_qscan_ID8,/usr/local/bin/pycbc_plot_qscan,,16.8,0,0,0.1,689131414.0,63732.0,8457.0,46.0,12.6,2.0,11485523.6,2124.4
single_template_ID13_ID0000020_pegasus-plan_ID0000174,None,compute,0,1716442727.0,,,1716442732.0,1716442748.0,1716442777.0,67012610.7,1716442746.0,1716442837.0,1716442824.0,1716442827.0,3440868.0,1716442837.0,1716442842.0,5.0,,14.0,91.0,5.0,29.0,1485694215.0,3.0,9945232.0,poseidon,condorpool,poseidon-worker-1-container-0-3,single_template_ID13,/usr/local/bin/pycbc_single_template,,33.1,0,0,0.1,664495521.0,3308279.0,6468.0,89.0,27.6,4.5,8306194.0,110276.0
single_template_ID13_ID0000042_pegasus-plan_ID0000174,None,compute,0,1716442727.0,,,1716442732.0,1716442747.0,1716442777.0,63658461.3,1716442746.0,1716442827.0,1716442817.0,1716442820.0,3442963.0,1716442827.0,1716442832.0,5.0,,14.0,81.0,5.0,30.0,1509423236.0,3.0,9945232.0,poseidon,condorpool,poseidon-worker-1-container-40-43,single_template_ID13,/usr/local/bin/pycbc_single_template,,34.5,0,0,0.0,803194265.0,28470.0,4891.0,27.0,24.2,5.6,13386571.1,2847.0
single_template_ID13_ID0000040_pegasus-plan_ID0000174,None,compute,0,1716442727.0,,,1716442732.0,1716442747.0,1716442784.0,47998448.9,1716442746.0,1716442832.0,1716442823.0,1716442825.0,3486455.0,1716442832.0,1716442837.0,5.0,,14.0,86.0,5.0,37.0,1488846737.0,2.0,9945232.0,poseidon,condorpool,poseidon-worker-1-container-0-3,single_template_ID13,/usr/local/bin/pycbc_single_template,,33.6,0,0,0.0,679760769.0,28470.0,4953.0,27.0,24.2,5.5,11329346.2,2847.0
single_template_ID13_ID0000018_pegasus-plan_ID0000174,None,compute,0,1716442727.0,,,1716442732.0,1716442748.0,1716442779.0,60379810.9,1716442747.0,1716442837.0,1716442827.0,1716442830.0,3446829.0,1716442837.0,1716442842.0,5.0,,15.0,90.0,5.0,31.0,1509423236.0,3.0,9945232.0,poseidon,condorpool,poseidon-worker-2-container-36-39,single_template_ID13,/usr/local/bin/pycbc_single_template,,35.0,0,0,0.0,806565899.0,3046135.0,6205.0,85.0,28.1,5.8,10082073.7,101537.8
page_snglinfo_ID2_ID0000003_pegasus-plan_ID0000174,None,compute,0,1716442727.0,,,1716442732.0,1716442747.0,1716442775.0,61370921.9,1716442746.0,1716442792.0,1716442784.0,1716442786.0,1336.0,1716442792.0,1716442797.0,5.0,,14.0,46.0,5.0,28.0,1381509284.0,2.0,3614.0,poseidon,condorpool,poseidon-worker-1-container-32-35,page_snglinfo_ID2,/usr/local/bin/pycbc_page_snglinfo,,3.0,0,0,,,,,,,,,
register_condorpool_11_0,None,auxiliary,0,1716442731.0,,,1716442751.0,,,0.0,1716442751.0,1716442756.0,,,0.0,1716442756.0,1716442761.0,20.0,,0.0,5.0,5.0,,,,,poseidon,local,poseidon-submit,pegasus::rc-client,/mnt/poseidon-data/poseidon/pegasus-5.1.0panorama/bin/pegasus-rc-client,"pegasus-kickstart  -n pegasus::rc-client -N null -R local  -L pycbc-search -T 2024-03-27T21:26:08+00:00 /home/poseidon/pegasus-5.1.0panorama/bin/pegasus-rc-client --prefix pegasus.catalog.replica.output --conf /mnt/poseidon-data/poseidon/workflows/pycbc/search/poseidon/submit/poseidon/pegasus/pycbc-search/run0416/pegasus.2178129152014731068.properties -v --meta /mnt/poseidon-data/poseidon/workflows/pycbc/search/poseidon/submit/poseidon/pegasus/pycbc-search/run0416/00/03/hdfinjfind_ID149_ID0000159.meta,/mnt/poseidon-data/poseidon/workflows/pycbc/search/poseidon/submit/poseidon/pegasus/pycbc-search/run0416/00/03/plot_binnedhist_ID54_ID0000059.meta,/mnt/poseidon-data/poseidon/workflows/pycbc/search/poseidon/submit/poseidon/pegasus/pycbc-search/run0416/00/03/plot_singles_ID51_ID0000052.meta,/mnt/poseidon-data/poseidon/workflows/pycbc/search/poseidon/submit/poseidon/pegasus/pycbc-search/run0416/00/03/plot_hist_ID52_ID0000057.meta,/mnt/poseidon-data/poseidon/workflows/pycbc/search/poseidon/submit/poseidon/pegasus/pycbc-search/run0416/00/03/plot_hist_ID52_ID0000053.meta,/mnt/poseidon-data/poseidon/workflows/pycbc/search/poseidon/submit/poseidon/pegasus/pycbc-search/run0416/00/03/plot_snrchi_ID48_ID0000050.meta,/mnt/poseidon-data/poseidon/workflows/pycbc/search/poseidon/submit/poseidon/pegasus/pycbc-search/run0416/00/03/plot_binnedhist_ID54_ID0000063.meta,/mnt/poseidon-data/poseidon/workflows/pycbc/search/poseidon/submit/poseidon/pegasus/pycbc-search/run0416/00/03/plot_singles_ID51_ID0000056.meta,/mnt/poseidon-data/poseidon/workflows/pycbc/search/poseidon/submit/poseidon/pegasus/pycbc-search/run0416/00/03/plot_hist_ID52_ID0000061.meta --insert /mnt/poseidon-data/poseidon/workflows/pycbc/search/poseidon/submit/poseidon/pegasus/pycbc-search/run0416/00/03/register_condorpool_11_0.in",3.3,0,0,,,,,,,,,
register_condorpool_11_1,None,auxiliary,0,1716442731.0,,,1716442736.0,,,0.0,1716442740.0,1716442746.0,,,0.0,1716442746.0,1716442751.0,5.0,,4.0,6.0,5.0,,,,,poseidon,local,poseidon-submit,pegasus::rc-client,/mnt/poseidon-data/poseidon/pegasus-5.1.0panorama/bin/pegasus-rc-client,"pegasus-kickstart  -n pegasus::rc-client -N null -R local  -L pycbc-search -T 2024-03-27T21:26:08+00:00 /home/poseidon/pegasus-5.1.0panorama/bin/pegasus-rc-client --prefix pegasus.catalog.replica.output --conf /mnt/poseidon-data/poseidon/workflows/pycbc/search/poseidon/submit/poseidon/pegasus/pycbc-search/run0416/pegasus.2178129152014731068.properties -v --meta /mnt/poseidon-data/poseidon/workflows/pycbc/search/poseidon/submit/poseidon/pegasus/pycbc-search/run0416/00/03/plot_hist_ID52_ID0000058.meta,/mnt/poseidon-data/poseidon/workflows/pycbc/search/poseidon/submit/poseidon/pegasus/pycbc-search/run0416/00/03/plot_binnedhist_ID54_ID0000055.meta,/mnt/poseidon-data/poseidon/workflows/pycbc/search/poseidon/submit/poseidon/pegasus/pycbc-search/run0416/00/03/hdfinjfind_ID149_ID0000158.meta,/mnt/poseidon-data/poseidon/workflows/pycbc/search/poseidon/submit/poseidon/pegasus/pycbc-search/run0416/00/03/plot_singles_ID51_ID0000060.meta,/mnt/poseidon-data/poseidon/workflows/pycbc/search/poseidon/submit/poseidon/pegasus/pycbc-search/run0416/00/03/plot_hist_ID52_ID0000054.meta,/mnt/poseidon-data/poseidon/workflows/pycbc/search/poseidon/submit/poseidon/pegasus/pycbc-search/run0416/00/03/plot_hist_ID52_ID0000062.meta,/mnt/poseidon-data/poseidon/workflows/pycbc/search/poseidon/submit/poseidon/pegasus/pycbc-search/run0416/00/03/plot_snrchi_ID48_ID0000049.meta,/mnt/poseidon-data/poseidon/workflows/pycbc/search/poseidon/submit/poseidon/pegasus/pycbc-search/run0416/00/03/plot_snrchi_ID48_ID0000051.meta --insert /mnt/poseidon-data/poseidon/workflows/pycbc/search/poseidon/submit/poseidon/pegasus/pycbc-search/run0416/00/03/register_condorpool_11_1.in",3.3,0,0,,,,,,,,,
register_condorpool_0_0_pegasus-plan_ID0000082,None,auxiliary,0,1716442732.0,,,1716442737.0,,,0.0,1716442740.0,1716442747.0,,,0.0,1716442747.0,1716442752.0,5.0,,3.0,7.0,5.0,,,,,poseidon,local,poseidon-submit,pegasus::rc-client,/mnt/poseidon-data/poseidon/pegasus-5.1.0panorama/bin/pegasus-rc-client,"-n pegasus::rc-client -N null -R local  -L H1L1V1-FOREGROUND_MINIFOLLOWUP_FULL_DATA_FOREGROUND-1186740100-3400 -T 2024-03-13T22:37:56+00:00 /home/poseidon/pegasus-5.1.0panorama/bin/pegasus-rc-client --prefix pegasus.catalog.replica.output --conf /mnt/poseidon-data/poseidon/workflows/pycbc/search/poseidon/submit/poseidon/pegasus/pycbc-search/run0416/00/03/./H1L1V1-FOREGROUND_MINIFOLLOWUP_FULL_DATA_FOREGROUND-1186740100-3400.dax_ID0000082.000/pegasus.13255251192124522625.properties -v --meta /mnt/poseidon-data/poseidon/workflows/pycbc/search/poseidon/submit/poseidon/pegasus/pycbc-search/run0416/00/03/./H1L1V1-FOREGROUND_MINIFOLLOWUP_FULL_DATA_FOREGROUND-1186740100-3400.dax_ID0000082.000/00/00/single_template_ID3_ID0000006.meta,/mnt/poseidon-data/poseidon/workflows/pycbc/search/poseidon/submit/poseidon/pegasus/pycbc-search/run0416/00/03/./H1L1V1-FOREGROUND_MINIFOLLOWUP_FULL_DATA_FOREGROUND-1186740100-3400.dax_ID0000082.000/00/00/plot_singles_timefreq_ID9_ID0000012.meta,/mnt/poseidon-data/poseidon/workflows/pycbc/search/poseidon/submit/poseidon/pegasus/pycbc-search/run0416/00/03/./H1L1V1-FOREGROUND_MINIFOLLOWUP_FULL_DATA_FOREGROUND-1186740100-3400.dax_ID0000082.000/00/00/single_template_ID3_ID0000004.meta,/mnt/poseidon-data/poseidon/workflows/pycbc/search/poseidon/submit/poseidon/pegasus/pycbc-search/run0416/00/03/./H1L1V1-FOREGROUND_MINIFOLLOWUP_FULL_DATA_FOREGROUND-1186740100-3400.dax_ID0000082.000/00/00/single_template_ID3_ID0000008.meta,/mnt/poseidon-data/poseidon/workflows/pycbc/search/poseidon/submit/poseidon/pegasus/pycbc-search/run0416/00/03/./H1L1V1-FOREGROUND_MINIFOLLOWUP_FULL_DATA_FOREGROUND-1186740100-3400.dax_ID0000082.000/00/00/plot_qscan_ID10_ID0000011.meta,/mnt/poseidon-data/poseidon/workflows/pycbc/search/poseidon/submit/poseidon/pegasus/pycbc-search/run0416/00/03/./H1L1V1-FOREGROUND_MINIFOLLOWUP_FULL_DATA_FOREGROUND-1186740100-3400.dax_ID0000082.000/00/00/plot_qscan_ID10_ID0000013.meta --insert /mnt/poseidon-data/poseidon/workflows/pycbc/search/poseidon/submit/poseidon/pegasus/pycbc-search/run0416/00/03/./H1L1V1-FOREGROUND_MINIFOLLOWUP_FULL_DATA_FOREGROUND-1186740100-3400.dax_ID0000082.000/00/00/register_condorpool_0_0.in",3.3,0,0,,,,,,,,,
register_condorpool_0_0_pegasus-plan_ID0000084,None,auxiliary,0,1716442742.0,,,1716442747.0,,,0.0,1716442747.0,1716442752.0,,,0.0,1716442752.0,1716442757.0,5.0,,0.0,5.0,5.0,,,,,poseidon,local,poseidon-submit,pegasus::rc-client,/mnt/poseidon-data/poseidon/pegasus-5.1.0panorama/bin/pegasus-rc-client,"-n pegasus::rc-client -N null -R local  -L H1L1V1-FOREGROUND_MINIFOLLOWUP_FULL_DATA_BACKGROUND-1186740100-3400 -T 2024-03-13T22:37:56+00:00 /home/poseidon/pegasus-5.1.0panorama/bin/pegasus-rc-client --prefix pegasus.catalog.replica.output --conf /mnt/poseidon-data/poseidon/workflows/pycbc/search/poseidon/submit/poseidon/pegasus/pycbc-search/run0416/00/03/./H1L1V1-FOREGROUND_MINIFOLLOWUP_FULL_DATA_BACKGROUND-1186740100-3400.dax_ID0000084.000/pegasus.2552875219569950968.properties -v --meta /mnt/poseidon-data/poseidon/workflows/pycbc/search/poseidon/submit/poseidon/pegasus/pycbc-search/run0416/00/03/./H1L1V1-FOREGROUND_MINIFOLLOWUP_FULL_DATA_BACKGROUND-1186740100-3400.dax_ID0000084.000/00/00/single_template_ID3_ID0000006.meta,/mnt/poseidon-data/poseidon/workflows/pycbc/search/poseidon/submit/poseidon/pegasus/pycbc-search/run0416/00/03/./H1L1V1-FOREGROUND_MINIFOLLOWUP_FULL_DATA_BACKGROUND-1186740100-3400.dax_ID0000084.000/00/00/plot_singles_timefreq_ID9_ID0000012.meta,/mnt/poseidon-data/poseidon/workflows/pycbc/search/poseidon/submit/poseidon/pegasus/pycbc-search/run0416/00/03/./H1L1V1-FOREGROUND_MINIFOLLOWUP_FULL_DATA_BACKGROUND-1186740100-3400.dax_ID0000084.000/00/00/single_template_ID3_ID0000004.meta,/mnt/poseidon-data/poseidon/workflows/pycbc/search/poseidon/submit/poseidon/pegasus/pycbc-search/run0416/00/03/./H1L1V1-FOREGROUND_MINIFOLLOWUP_FULL_DATA_BACKGROUND-1186740100-3400.dax_ID0000084.000/00/00/single_template_ID3_ID0000008.meta,/mnt/poseidon-data/poseidon/workflows/pycbc/search/poseidon/submit/poseidon/pegasus/pycbc-search/run0416/00/03/./H1L1V1-FOREGROUND_MINIFOLLOWUP_FULL_DATA_BACKGROUND-1186740100-3400.dax_ID0000084.000/00/00/plot_qscan_ID10_ID0000011.meta,/mnt/poseidon-data/poseidon/workflows/pycbc/search/poseidon/submit/poseidon/pegasus/pycbc-search/run0416/00/03/./H1L1V1-FOREGROUND_MINIFOLLOWUP_FULL_DATA_BACKGROUND-1186740100-3400.dax_ID0000084.000/00/00/plot_qscan_ID10_ID0000013.meta --insert /mnt/poseidon-data/poseidon/workflows/pycbc/search/poseidon/submit/poseidon/pegasus/pycbc-search/run0416/00/03/./H1L1V1-FOREGROUND_MINIFOLLOWUP_FULL_DATA_BACKGROUND-1186740100-3400.dax_ID0000084.000/00/00/register_condorpool_0_0.in",3.3,0,0,,,,,,,,,
stage_out_local_condorpool_12_2,None,transfer,0,1716442766.0,,,1716442772.0,,,0.0,1716442772.0,1716442782.0,1716442772.0,1716442776.0,102350.0,1716442782.0,1716442787.0,6.0,,0.0,10.0,5.0,,,4.0,413482.0,poseidon,local,poseidon-submit,pegasus::transfer,/mnt/poseidon-data/poseidon/pegasus-5.1.0panorama/bin/pegasus-transfer,pegasus-kickstart  -n pegasus::transfer -N null -i - -R local  -L pycbc-search -T 2024-03-27T21:26:08+00:00 pegasus-transfer  --threads 2,0.9,0,0,,,,,,,,,
stage_out_local_condorpool_1_0_pegasus-plan_ID0000084,None,transfer,0,1716442767.0,,,1716442772.0,,,0.0,1716442777.0,1716442787.0,1716442777.0,1716442781.0,89578.0,1716442787.0,1716442792.0,5.0,,5.0,10.0,5.0,,,4.0,361900.0,poseidon,local,poseidon-submit,pegasus::transfer,/mnt/poseidon-data/poseidon/pegasus-5.1.0panorama/bin/pegasus-transfer,/home/poseidon/pegasus-5.1.0panorama/bin/../bin/pegasus-kickstart  -n pegasus::transfer -N null -i - -R local  -L H1L1V1-FOREGROUND_MINIFOLLOWUP_FULL_DATA_BACKGROUND-1186740100-3400 -T 2024-03-13T22:37:56+00:00 /home/poseidon/pegasus-5.1.0panorama/bin/../bin/pegasus-transfer  --threads 2,0.5,0,0,,,,,,,,,
stage_out_local_condorpool_12_0,None,transfer,0,1716442772.0,,,1716442777.0,,,0.0,1716442781.0,1716442792.0,1716442781.0,1716442785.0,175556.0,1716442792.0,1716442797.0,5.0,,4.0,11.0,5.0,,,4.0,708577.0,poseidon,local,poseidon-submit,pegasus::transfer,/mnt/poseidon-data/poseidon/pegasus-5.1.0panorama/bin/pegasus-transfer,pegasus-kickstart  -n pegasus::transfer -N null -i - -R local  -L pycbc-search -T 2024-03-27T21:26:08+00:00 pegasus-transfer  --threads 2,0.9,0,0,,,,,,,,,
stage_out_local_condorpool_12_1,None,transfer,0,1716442772.0,,,1716442777.0,,,0.0,1716442781.0,1716442792.0,1716442781.0,1716442785.0,100621.0,1716442792.0,1716442797.0,5.0,,4.0,11.0,5.0,,,4.0,405888.0,poseidon,local,poseidon-submit,pegasus::transfer,/mnt/poseidon-data/poseidon/pegasus-5.1.0panorama/bin/pegasus-transfer,pegasus-kickstart  -n pegasus::transfer -N null -i - -R local  -L pycbc-search -T 2024-03-27T21:26:08+00:00 pegasus-transfer  --threads 2,0.9,0,0,,,,,,,,,
register_condorpool_12_2,None,auxiliary,0,1716442787.0,,,1716442792.0,,,0.0,1716442792.0,1716442797.0,,,0.0,1716442797.0,1716442802.0,5.0,,0.0,5.0,5.0,,,,,poseidon,local,poseidon-submit,pegasus::rc-client,/mnt/poseidon-data/poseidon/pegasus-5.1.0panorama/bin/pegasus-rc-client,"pegasus-kickstart  -n pegasus::rc-client -N null -R local  -L pycbc-search -T 2024-03-27T21:26:08+00:00 /home/poseidon/pegasus-5.1.0panorama/bin/pegasus-rc-client --prefix pegasus.catalog.replica.output --conf /mnt/poseidon-data/poseidon/workflows/pycbc/search/poseidon/submit/poseidon/pegasus/pycbc-search/run0416/pegasus.2178129152014731068.properties -v --meta /mnt/poseidon-data/poseidon/workflows/pycbc/search/poseidon/submit/poseidon/pegasus/pycbc-search/run0416/00/04/plot_foundmissed_ID151_ID0000178.meta,/mnt/poseidon-data/poseidon/workflows/pycbc/search/poseidon/submit/poseidon/pegasus/pycbc-search/run0416/00/03/plot_foundmissed_ID151_ID0000160.meta,/mnt/poseidon-data/poseidon/workflows/pycbc/search/poseidon/submit/poseidon/pegasus/pycbc-search/run0416/00/03/plot_coinc_snrchi_ID155_ID0000165.meta,/mnt/poseidon-data/poseidon/workflows/pycbc/search/poseidon/submit/poseidon/pegasus/pycbc-search/run0416/00/04/plot_coinc_snrchi_ID155_ID0000169.meta,/mnt/poseidon-data/poseidon/workflows/pycbc/search/poseidon/submit/poseidon/pegasus/pycbc-search/run0416/00/04/plot_sensitivity_ID166_ID0000181.meta,/mnt/poseidon-data/poseidon/workflows/pycbc/search/poseidon/submit/poseidon/pegasus/pycbc-search/run0416/00/03/page_injections_ID153_ID0000162.meta,/mnt/poseidon-data/poseidon/workflows/pycbc/search/poseidon/submit/poseidon/pegasus/pycbc-search/run0416/00/04/plot_sensitivity_ID166_ID0000176.meta --insert /mnt/poseidon-data/poseidon/workflows/pycbc/search/poseidon/submit/poseidon/pegasus/pycbc-search/run0416/00/04/register_condorpool_12_2.in",3.2,0,0,,,,,,,,,
register_condorpool_1_0_pegasus-plan_ID0000084,None,auxiliary,0,1716442792.0,,,1716442797.0,,,0.0,1716442797.0,1716442802.0,,,0.0,1716442802.0,1716442807.0,5.0,,0.0,5.0,5.0,,,,,poseidon,local,poseidon-submit,pegasus::rc-client,/mnt/poseidon-data/poseidon/pegasus-5.1.0panorama/bin/pegasus-rc-client,"-n pegasus::rc-client -N null -R local  -L H1L1V1-FOREGROUND_MINIFOLLOWUP_FULL_DATA_BACKGROUND-1186740100-3400 -T 2024-03-13T22:37:56+00:00 /home/poseidon/pegasus-5.1.0panorama/bin/pegasus-rc-client --prefix pegasus.catalog.replica.output --conf /mnt/poseidon-data/poseidon/workflows/pycbc/search/poseidon/submit/poseidon/pegasus/pycbc-search/run0416/00/03/./H1L1V1-FOREGROUND_MINIFOLLOWUP_FULL_DATA_BACKGROUND-1186740100-3400.dax_ID0000084.000/pegasus.2552875219569950968.properties -v --meta /mnt/poseidon-data/poseidon/workflows/pycbc/search/poseidon/submit/poseidon/pegasus/pycbc-search/run0416/00/03/./H1L1V1-FOREGROUND_MINIFOLLOWUP_FULL_DATA_BACKGROUND-1186740100-3400.dax_ID0000084.000/00/00/single_template_plot_ID4_ID0000007.meta,/mnt/poseidon-data/poseidon/workflows/pycbc/search/poseidon/submit/poseidon/pegasus/pycbc-search/run0416/00/03/./H1L1V1-FOREGROUND_MINIFOLLOWUP_FULL_DATA_BACKGROUND-1186740100-3400.dax_ID0000084.000/00/00/single_template_plot_ID4_ID0000005.meta,/mnt/poseidon-data/poseidon/workflows/pycbc/search/poseidon/submit/poseidon/pegasus/pycbc-search/run0416/00/03/./H1L1V1-FOREGROUND_MINIFOLLOWUP_FULL_DATA_BACKGROUND-1186740100-3400.dax_ID0000084.000/00/00/single_template_plot_ID4_ID0000009.meta --insert /mnt/poseidon-data/poseidon/workflows/pycbc/search/poseidon/submit/poseidon/pegasus/pycbc-search/run0416/00/03/./H1L1V1-FOREGROUND_MINIFOLLOWUP_FULL_DATA_BACKGROUND-1186740100-3400.dax_ID0000084.000/00/00/register_condorpool_1_0.in",3.3,0,0,,,,,,,,,
stage_out_local_condorpool_1_0_pegasus-plan_ID0000082,None,transfer,0,1716442792.0,,,1716442797.0,,,0.0,1716442799.0,1716442812.0,1716442799.0,1716442803.0,79433.0,1716442812.0,1716442817.0,5.0,,2.0,13.0,5.0,,,4.0,320654.0,poseidon,local,poseidon-submit,pegasus::transfer,/mnt/poseidon-data/poseidon/pegasus-5.1.0panorama/bin/pegasus-transfer,/home/poseidon/pegasus-5.1.0panorama/bin/../bin/pegasus-kickstart  -n pegasus::transfer -N null -i - -R local  -L H1L1V1-FOREGROUND_MINIFOLLOWUP_FULL_DATA_FOREGROUND-1186740100-3400 -T 2024-03-13T22:37:56+00:00 /home/poseidon/pegasus-5.1.0panorama/bin/../bin/pegasus-transfer  --threads 2,0.5,0,0,,,,,,,,,
register_condorpool_12_0,None,auxiliary,0,1716442797.0,,,1716442802.0,,,0.0,1716442808.0,1716442812.0,,,0.0,1716442812.0,1716442817.0,5.0,,6.0,4.0,5.0,,,,,poseidon,local,poseidon-submit,pegasus::rc-client,/mnt/poseidon-data/poseidon/pegasus-5.1.0panorama/bin/pegasus-rc-client,"pegasus-kickstart  -n pegasus::rc-client -N null -R local  -L pycbc-search -T 2024-03-27T21:26:08+00:00 /home/poseidon/pegasus-5.1.0panorama/bin/pegasus-rc-client --prefix pegasus.catalog.replica.output --conf /mnt/poseidon-data/poseidon/workflows/pycbc/search/poseidon/submit/poseidon/pegasus/pycbc-search/run0416/pegasus.2178129152014731068.properties -v --meta /mnt/poseidon-data/poseidon/workflows/pycbc/search/poseidon/submit/poseidon/pegasus/pycbc-search/run0416/00/04/plot_foundmissed_ID151_ID0000183.meta,/mnt/poseidon-data/poseidon/workflows/pycbc/search/poseidon/submit/poseidon/pegasus/pycbc-search/run0416/00/03/plot_coinc_snrchi_ID155_ID0000167.meta,/mnt/poseidon-data/poseidon/workflows/pycbc/search/poseidon/submit/poseidon/pegasus/pycbc-search/run0416/00/03/plot_coinc_snrchi_ID155_ID0000164.meta,/mnt/poseidon-data/poseidon/workflows/pycbc/search/poseidon/submit/poseidon/pegasus/pycbc-search/run0416/00/03/plot_coinc_snrchi_ID155_ID0000170.meta,/mnt/poseidon-data/poseidon/workflows/pycbc/search/poseidon/submit/poseidon/pegasus/pycbc-search/run0416/00/03/plot_coinc_snrchi_ID155_ID0000172.meta,/mnt/poseidon-data/poseidon/workflows/pycbc/search/poseidon/submit/poseidon/pegasus/pycbc-search/run0416/00/04/plot_coinc_snrchi_ID155_ID0000168.meta,/mnt/poseidon-data/poseidon/workflows/pycbc/search/poseidon/submit/poseidon/pegasus/pycbc-search/run0416/00/04/plot_foundmissed_ID151_ID0000179.meta --insert /mnt/poseidon-data/poseidon/workflows/pycbc/search/poseidon/submit/poseidon/pegasus/pycbc-search/run0416/00/04/register_condorpool_12_0.in",3.2,0,0,,,,,,,,,
register_condorpool_12_1,None,auxiliary,0,1716442797.0,,,1716442817.0,,,0.0,1716442820.0,1716442822.0,,,0.0,1716442822.0,1716442827.0,20.0,,3.0,2.0,5.0,,,,,poseidon,local,poseidon-submit,pegasus::rc-client,/mnt/poseidon-data/poseidon/pegasus-5.1.0panorama/bin/pegasus-rc-client,"pegasus-kickstart  -n pegasus::rc-client -N null -R local  -L pycbc-search -T 2024-03-27T21:26:08+00:00 /home/poseidon/pegasus-5.1.0panorama/bin/pegasus-rc-client --prefix pegasus.catalog.replica.output --conf /mnt/poseidon-data/poseidon/workflows/pycbc/search/poseidon/submit/poseidon/pegasus/pycbc-search/run0416/pegasus.2178129152014731068.properties -v --meta /mnt/poseidon-data/poseidon/workflows/pycbc/search/poseidon/submit/poseidon/pegasus/pycbc-search/run0416/00/04/plot_coinc_snrchi_ID155_ID0000171.meta,/mnt/poseidon-data/poseidon/workflows/pycbc/search/poseidon/submit/poseidon/pegasus/pycbc-search/run0416/00/04/plot_sensitivity_ID166_ID0000180.meta,/mnt/poseidon-data/poseidon/workflows/pycbc/search/poseidon/submit/poseidon/pegasus/pycbc-search/run0416/00/04/plot_foundmissed_ID151_ID0000182.meta,/mnt/poseidon-data/poseidon/workflows/pycbc/search/poseidon/submit/poseidon/pegasus/pycbc-search/run0416/00/03/plot_coinc_snrchi_ID155_ID0000166.meta,/mnt/poseidon-data/poseidon/workflows/pycbc/search/poseidon/submit/poseidon/pegasus/pycbc-search/run0416/00/03/page_injections_ID153_ID0000163.meta,/mnt/poseidon-data/poseidon/workflows/pycbc/search/poseidon/submit/poseidon/pegasus/pycbc-search/run0416/00/03/plot_foundmissed_ID151_ID0000161.meta,/mnt/poseidon-data/poseidon/workflows/pycbc/search/poseidon/submit/poseidon/pegasus/pycbc-search/run0416/00/04/plot_sensitivity_ID166_ID0000177.meta --insert /mnt/poseidon-data/poseidon/workflows/pycbc/search/poseidon/submit/poseidon/pegasus/pycbc-search/run0416/00/04/register_condorpool_12_1.in",3.2,0,0,,,,,,,,,
stage_out_local_condorpool_0_1_pegasus-plan_ID0000174,None,transfer,0,1716442807.0,,,1716442812.0,,,0.0,1716442812.0,1716442822.0,1716442812.0,1716442816.0,7111.0,1716442822.0,1716442827.0,5.0,,0.0,10.0,5.0,,,4.0,28699.0,poseidon,local,poseidon-submit,pegasus::transfer,/mnt/poseidon-data/poseidon/pegasus-5.1.0panorama/bin/pegasus-transfer,/home/poseidon/pegasus-5.1.0panorama/bin/../bin/pegasus-kickstart  -n pegasus::transfer -N null -i - -R local  -L H1L1V1-INJECTION_MINIFOLLOWUP_BBH-1186740100-3400 -T 2024-03-13T22:37:56+00:00 /home/poseidon/pegasus-5.1.0panorama/bin/../bin/pegasus-transfer  --threads 2,0.5,0,0,,,,,,,,,
stage_out_local_condorpool_0_3_pegasus-plan_ID0000174,None,transfer,0,1716442812.0,,,1716442817.0,,,0.0,1716442820.0,1716442832.0,1716442820.0,1716442824.0,74714.0,1716442832.0,1716442837.0,5.0,,3.0,12.0,5.0,,,4.0,301590.0,poseidon,local,poseidon-submit,pegasus::transfer,/mnt/poseidon-data/poseidon/pegasus-5.1.0panorama/bin/pegasus-transfer,/home/poseidon/pegasus-5.1.0panorama/bin/../bin/pegasus-kickstart  -n pegasus::transfer -N null -i - -R local  -L H1L1V1-INJECTION_MINIFOLLOWUP_BBH-1186740100-3400 -T 2024-03-13T22:37:56+00:00 /home/poseidon/pegasus-5.1.0panorama/bin/../bin/pegasus-transfer  --threads 2,0.5,0,0,,,,,,,,,
register_condorpool_1_0_pegasus-plan_ID0000082,None,auxiliary,0,1716442817.0,,,1716442822.0,,,0.0,1716442822.0,1716442827.0,,,0.0,1716442827.0,1716442832.0,5.0,,0.0,5.0,5.0,,,,,poseidon,local,poseidon-submit,pegasus::rc-client,/mnt/poseidon-data/poseidon/pegasus-5.1.0panorama/bin/pegasus-rc-client,"-n pegasus::rc-client -N null -R local  -L H1L1V1-FOREGROUND_MINIFOLLOWUP_FULL_DATA_FOREGROUND-1186740100-3400 -T 2024-03-13T22:37:56+00:00 /home/poseidon/pegasus-5.1.0panorama/bin/pegasus-rc-client --prefix pegasus.catalog.replica.output --conf /mnt/poseidon-data/poseidon/workflows/pycbc/search/poseidon/submit/poseidon/pegasus/pycbc-search/run0416/00/03/./H1L1V1-FOREGROUND_MINIFOLLOWUP_FULL_DATA_FOREGROUND-1186740100-3400.dax_ID0000082.000/pegasus.13255251192124522625.properties -v --meta /mnt/poseidon-data/poseidon/workflows/pycbc/search/poseidon/submit/poseidon/pegasus/pycbc-search/run0416/00/03/./H1L1V1-FOREGROUND_MINIFOLLOWUP_FULL_DATA_FOREGROUND-1186740100-3400.dax_ID0000082.000/00/00/single_template_plot_ID4_ID0000007.meta,/mnt/poseidon-data/poseidon/workflows/pycbc/search/poseidon/submit/poseidon/pegasus/pycbc-search/run0416/00/03/./H1L1V1-FOREGROUND_MINIFOLLOWUP_FULL_DATA_FOREGROUND-1186740100-3400.dax_ID0000082.000/00/00/single_template_plot_ID4_ID0000005.meta,/mnt/poseidon-data/poseidon/workflows/pycbc/search/poseidon/submit/poseidon/pegasus/pycbc-search/run0416/00/03/./H1L1V1-FOREGROUND_MINIFOLLOWUP_FULL_DATA_FOREGROUND-1186740100-3400.dax_ID0000082.000/00/00/single_template_plot_ID4_ID0000009.meta --insert /mnt/poseidon-data/poseidon/workflows/pycbc/search/poseidon/submit/poseidon/pegasus/pycbc-search/run0416/00/03/./H1L1V1-FOREGROUND_MINIFOLLOWUP_FULL_DATA_FOREGROUND-1186740100-3400.dax_ID0000082.000/00/00/register_condorpool_1_0.in",3.2,0,0,,,,,,,,,
stage_out_local_condorpool_0_0_pegasus-plan_ID0000174,None,transfer,0,1716442817.0,,,1716442822.0,,,0.0,1716442822.0,1716442837.0,1716442823.0,1716442827.0,167367.0,1716442837.0,1716442842.0,5.0,,0.0,15.0,5.0,,,4.0,674786.0,poseidon,local,poseidon-submit,pegasus::transfer,/mnt/poseidon-data/poseidon/pegasus-5.1.0panorama/bin/pegasus-transfer,/home/poseidon/pegasus-5.1.0panorama/bin/../bin/pegasus-kickstart  -n pegasus::transfer -N null -i - -R local  -L H1L1V1-INJECTION_MINIFOLLOWUP_BBH-1186740100-3400 -T 2024-03-13T22:37:56+00:00 /home/poseidon/pegasus-5.1.0panorama/bin/../bin/pegasus-transfer  --threads 2,0.7,0,0,,,,,,,,,
single_template_plot_ID14_ID0000023_pegasus-plan_ID0000174,cpu_3,compute,0,1716442832.0,,,1716442837.0,1716442838.0,1716442855.0,133536166.4,1716442837.0,1716442872.0,1716442863.0,1716442866.0,30358.0,1716442872.0,1716442877.0,5.0,,0.0,35.0,5.0,17.0,1389826192.0,3.0,83178.0,poseidon,condorpool,poseidon-worker-1-container-36-39,single_template_plot_ID14,/usr/local/bin/pycbc_single_template_plot,,2.9,0,0,,,,,,,,,
single_template_plot_ID14_ID0000043_pegasus-plan_ID0000174,None,compute,0,1716442832.0,,,1716442837.0,1716442838.0,1716442856.0,120879968.5,1716442837.0,1716442872.0,1716442864.0,1716442867.0,35649.0,1716442872.0,1716442877.0,5.0,,0.0,35.0,5.0,18.0,1389826192.0,3.0,97669.0,poseidon,condorpool,poseidon-worker-1-container-0-3,single_template_plot_ID14,/usr/local/bin/pycbc_single_template_plot,,3.0,0,0,,,,,,,,,
single_template_plot_ID14_ID0000045_pegasus-plan_ID0000174,None,compute,0,1716442832.0,,,1716442837.0,1716442838.0,1716442854.0,134913608.0,1716442837.0,1716442872.0,1716442863.0,1716442865.0,28996.0,1716442872.0,1716442877.0,5.0,,0.0,35.0,5.0,16.0,1389826192.0,2.0,82219.0,poseidon,condorpool,poseidon-worker-2-container-44-47,single_template_plot_ID14,/usr/local/bin/pycbc_single_template_plot,,2.8,0,0,,,,,,,,,
single_template_plot_ID14_ID0000033_pegasus-plan_ID0000174,None,compute,0,1716442832.0,,,1716442837.0,1716442838.0,1716442855.0,134089129.8,1716442837.0,1716442872.0,1716442863.0,1716442866.0,30352.0,1716442872.0,1716442877.0,5.0,,0.0,35.0,5.0,17.0,1389826192.0,3.0,83030.0,poseidon,condorpool,poseidon-worker-1-container-40-43,single_template_plot_ID14,/usr/local/bin/pycbc_single_template_plot,,3.1,0,0,,,,,,,,,
single_template_plot_ID14_ID0000017_pegasus-plan_ID0000174,cpu_3,compute,0,1716442837.0,,,1716442842.0,1716442844.0,1716442860.0,133167309.4,1716442843.0,1716442882.0,1716442868.0,1716442871.0,29400.0,1716442882.0,1716442887.0,5.0,,1.0,39.0,5.0,16.0,1389826192.0,3.0,82129.0,poseidon,condorpool,poseidon-worker-1-container-28-31,single_template_plot_ID14,/usr/local/bin/pycbc_single_template_plot,,2.8,0,0,,,,,,,,,
single_template_plot_ID14_ID0000049_pegasus-plan_ID0000174,None,compute,0,1716442837.0,,,1716442842.0,1716442844.0,1716442860.0,129409482.4,1716442843.0,1716442882.0,1716442868.0,1716442871.0,35155.0,1716442882.0,1716442887.0,5.0,,1.0,39.0,5.0,16.0,1389826192.0,3.0,98619.0,poseidon,condorpool,poseidon-worker-1-container-32-35,single_template_plot_ID14,/usr/local/bin/pycbc_single_template_plot,,3.0,0,0,,,,,,,,,
single_template_plot_ID14_ID0000041_pegasus-plan_ID0000174,None,compute,0,1716442837.0,,,1716442842.0,1716442843.0,1716442860.0,134461280.4,1716442843.0,1716442877.0,1716442868.0,1716442870.0,30185.0,1716442877.0,1716442882.0,5.0,,1.0,34.0,5.0,17.0,1389826192.0,2.0,82957.0,poseidon,condorpool,poseidon-worker-2-container-20-23,single_template_plot_ID14,/usr/local/bin/pycbc_single_template_plot,,2.7,0,0,,,,,,,,,
stage_out_local_condorpool_0_2_pegasus-plan_ID0000174,None,transfer,0,1716442837.0,,,1716442842.0,,,0.0,1716442843.0,1716442857.0,1716442843.0,1716442847.0,255343.0,1716442857.0,1716442862.0,5.0,,1.0,14.0,5.0,,,4.0,1028985.0,poseidon,local,poseidon-submit,pegasus::transfer,/mnt/poseidon-data/poseidon/pegasus-5.1.0panorama/bin/pegasus-transfer,/home/poseidon/pegasus-5.1.0panorama/bin/../bin/pegasus-kickstart  -n pegasus::transfer -N null -i - -R local  -L H1L1V1-INJECTION_MINIFOLLOWUP_BBH-1186740100-3400 -T 2024-03-13T22:37:56+00:00 /home/poseidon/pegasus-5.1.0panorama/bin/../bin/pegasus-transfer  --threads 2,0.5,0,0,,,,,,,,,
single_template_plot_ID14_ID0000039_pegasus-plan_ID0000174,cpu_3,compute,0,1716442837.0,,,1716442842.0,1716442844.0,1716442860.0,128799051.6,1716442843.0,1716442882.0,1716442871.0,1716442874.0,29618.0,1716442882.0,1716442887.0,5.0,,1.0,39.0,5.0,16.0,1389826192.0,3.0,81460.0,poseidon,condorpool,poseidon-worker-1-container-24-27,single_template_plot_ID14,/usr/local/bin/pycbc_single_template_plot,,2.7,0,0,0.1,31989011.0,223931.0,8251.0,44.0,1.4,1.1,3198901.1,22393.1
register_condorpool_0_3_pegasus-plan_ID0000174,None,auxiliary,0,1716442842.0,,,1716442847.0,,,0.0,1716442848.0,1716442852.0,,,0.0,1716442852.0,1716442857.0,5.0,,1.0,4.0,5.0,,,,,poseidon,local,poseidon-submit,pegasus::rc-client,/mnt/poseidon-data/poseidon/pegasus-5.1.0panorama/bin/pegasus-rc-client,"-n pegasus::rc-client -N null -R local  -L H1L1V1-INJECTION_MINIFOLLOWUP_BBH-1186740100-3400 -T 2024-03-13T22:37:56+00:00 /home/poseidon/pegasus-5.1.0panorama/bin/pegasus-rc-client --prefix pegasus.catalog.replica.output --conf /mnt/poseidon-data/poseidon/workflows/pycbc/search/poseidon/submit/poseidon/pegasus/pycbc-search/run0416/00/04/./H1L1V1-INJECTION_MINIFOLLOWUP_BBH-1186740100-3400.dax_ID0000174.000/pegasus.15590374316095655946.properties -v --meta /mnt/poseidon-data/poseidon/workflows/pycbc/search/poseidon/submit/poseidon/pegasus/pycbc-search/run0416/00/04/./H1L1V1-INJECTION_MINIFOLLOWUP_BBH-1186740100-3400.dax_ID0000174.000/00/00/plot_qscan_ID8_ID0000013.meta,/mnt/poseidon-data/poseidon/workflows/pycbc/search/poseidon/submit/poseidon/pegasus/pycbc-search/run0416/00/04/./H1L1V1-INJECTION_MINIFOLLOWUP_BBH-1186740100-3400.dax_ID0000174.000/00/00/single_template_ID13_ID0000018.meta,/mnt/poseidon-data/poseidon/workflows/pycbc/search/poseidon/submit/poseidon/pegasus/pycbc-search/run0416/00/04/./H1L1V1-INJECTION_MINIFOLLOWUP_BBH-1186740100-3400.dax_ID0000174.000/00/00/single_template_ID13_ID0000038.meta,/mnt/poseidon-data/poseidon/workflows/pycbc/search/poseidon/submit/poseidon/pegasus/pycbc-search/run0416/00/04/./H1L1V1-INJECTION_MINIFOLLOWUP_BBH-1186740100-3400.dax_ID0000174.000/00/00/single_template_ID13_ID0000016.meta,/mnt/poseidon-data/poseidon/workflows/pycbc/search/poseidon/submit/poseidon/pegasus/pycbc-search/run0416/00/04/./H1L1V1-INJECTION_MINIFOLLOWUP_BBH-1186740100-3400.dax_ID0000174.000/00/00/page_coincinfo_ID1_ID0000002.meta,/mnt/poseidon-data/poseidon/workflows/pycbc/search/poseidon/submit/poseidon/pegasus/pycbc-search/run0416/00/04/./H1L1V1-INJECTION_MINIFOLLOWUP_BBH-1186740100-3400.dax_ID0000174.000/00/00/single_template_ID13_ID0000022.meta,/mnt/poseidon-data/poseidon/workflows/pycbc/search/poseidon/submit/poseidon/pegasus/pycbc-search/run0416/00/04/./H1L1V1-INJECTION_MINIFOLLOWUP_BBH-1186740100-3400.dax_ID0000174.000/00/00/single_template_ID13_ID0000048.meta --insert /mnt/poseidon-data/poseidon/workflows/pycbc/search/poseidon/submit/poseidon/pegasus/pycbc-search/run0416/00/04/./H1L1V1-INJECTION_MINIFOLLOWUP_BBH-1186740100-3400.dax_ID0000174.000/00/00/register_condorpool_0_3.in",3.3,0,0,,,,,,,,,
single_template_plot_ID14_ID0000019_pegasus-plan_ID0000174,cpu_3,compute,0,1716442842.0,,,1716442847.0,1716442848.0,1716442864.0,133047932.0,1716442847.0,1716442882.0,1716442873.0,1716442875.0,36192.0,1716442882.0,1716442887.0,5.0,,0.0,35.0,5.0,16.0,1389826192.0,2.0,99476.0,poseidon,condorpool,poseidon-worker-1-container-4-7,single_template_plot_ID14,/usr/local/bin/pycbc_single_template_plot,,2.9,0,0,,,,,,,,,
single_template_plot_ID14_ID0000037_pegasus-plan_ID0000174,None,compute,0,1716442842.0,,,1716442847.0,1716442848.0,1716442864.0,134545272.6,1716442847.0,1716442882.0,1716442872.0,1716442875.0,35792.0,1716442882.0,1716442887.0,5.0,,0.0,35.0,5.0,16.0,1389826192.0,3.0,99192.0,poseidon,condorpool,poseidon-worker-2-container-36-39,single_template_plot_ID14,/usr/local/bin/pycbc_single_template_plot,,2.9,0,0,,,,,,,,,
single_template_plot_ID14_ID0000035_pegasus-plan_ID0000174,None,compute,0,1716442842.0,,,1716442847.0,1716442848.0,1716442866.0,112097960.5,1716442847.0,1716442887.0,1716442875.0,1716442878.0,30361.0,1716442887.0,1716442892.0,5.0,,0.0,40.0,5.0,18.0,1389826192.0,3.0,83353.0,poseidon,condorpool,poseidon-worker-1-container-20-23,single_template_plot_ID14,/usr/local/bin/pycbc_single_template_plot,,2.9,0,0,,,,,,,,,
single_template_plot_ID14_ID0000021_pegasus-plan_ID0000174,cpu_3,compute,0,1716442842.0,,,1716442847.0,1716442849.0,1716442879.0,56566103.3,1716442847.0,1716442897.0,1716442887.0,1716442890.0,30883.0,1716442897.0,1716442902.0,5.0,,0.0,50.0,5.0,30.0,1389826192.0,3.0,84557.0,poseidon,condorpool,poseidon-worker-1-container-24-27,single_template_plot_ID14,/usr/local/bin/pycbc_single_template_plot,,2.6,0,0,,,,,,,,,
single_template_plot_ID14_ID0000015_pegasus-plan_ID0000174,None,compute,0,1716442847.0,,,1716442852.0,1716442853.0,1716442869.0,138302126.6,1716442852.0,1716442887.0,1716442877.0,1716442880.0,30171.0,1716442887.0,1716442892.0,5.0,,0.0,35.0,5.0,16.0,1389826192.0,3.0,83787.0,poseidon,condorpool,poseidon-worker-1-container-0-3,single_template_plot_ID14,/usr/local/bin/pycbc_single_template_plot,,2.9,0,0,,,,,,,,,
register_condorpool_0_0_pegasus-plan_ID0000174,None,auxiliary,0,1716442847.0,,,1716442857.0,,,0.0,1716442859.0,1716442862.0,,,0.0,1716442862.0,1716442867.0,10.0,,2.0,3.0,5.0,,,,,poseidon,local,poseidon-submit,pegasus::rc-client,/mnt/poseidon-data/poseidon/pegasus-5.1.0panorama/bin/pegasus-rc-client,"-n pegasus::rc-client -N null -R local  -L H1L1V1-INJECTION_MINIFOLLOWUP_BBH-1186740100-3400 -T 2024-03-13T22:37:56+00:00 /home/poseidon/pegasus-5.1.0panorama/bin/pegasus-rc-client --prefix pegasus.catalog.replica.output --conf /mnt/poseidon-data/poseidon/workflows/pycbc/search/poseidon/submit/poseidon/pegasus/pycbc-search/run0416/00/04/./H1L1V1-INJECTION_MINIFOLLOWUP_BBH-1186740100-3400.dax_ID0000174.000/pegasus.15590374316095655946.properties -v --meta /mnt/poseidon-data/poseidon/workflows/pycbc/search/poseidon/submit/poseidon/pegasus/pycbc-search/run0416/00/04/./H1L1V1-INJECTION_MINIFOLLOWUP_BBH-1186740100-3400.dax_ID0000174.000/00/00/page_snglinfo_ID2_ID0000004.meta,/mnt/poseidon-data/poseidon/workflows/pycbc/search/poseidon/submit/poseidon/pegasus/pycbc-search/run0416/00/04/./H1L1V1-INJECTION_MINIFOLLOWUP_BBH-1186740100-3400.dax_ID0000174.000/00/00/single_template_ID13_ID0000032.meta,/mnt/poseidon-data/poseidon/workflows/pycbc/search/poseidon/submit/poseidon/pegasus/pycbc-search/run0416/00/04/./H1L1V1-INJECTION_MINIFOLLOWUP_BBH-1186740100-3400.dax_ID0000174.000/00/00/single_template_ID13_ID0000040.meta,/mnt/poseidon-data/poseidon/workflows/pycbc/search/poseidon/submit/poseidon/pegasus/pycbc-search/run0416/00/04/./H1L1V1-INJECTION_MINIFOLLOWUP_BBH-1186740100-3400.dax_ID0000174.000/00/00/page_snglinfo_ID2_ID0000003.meta,/mnt/poseidon-data/poseidon/workflows/pycbc/search/poseidon/submit/poseidon/pegasus/pycbc-search/run0416/00/04/./H1L1V1-INJECTION_MINIFOLLOWUP_BBH-1186740100-3400.dax_ID0000174.000/00/00/single_template_ID13_ID0000024.meta,/mnt/poseidon-data/poseidon/workflows/pycbc/search/poseidon/submit/poseidon/pegasus/pycbc-search/run0416/00/04/./H1L1V1-INJECTION_MINIFOLLOWUP_BBH-1186740100-3400.dax_ID0000174.000/00/00/plot_qscan_ID8_ID0000009.meta,/mnt/poseidon-data/poseidon/workflows/pycbc/search/poseidon/submit/poseidon/pegasus/pycbc-search/run0416/00/04/./H1L1V1-INJECTION_MINIFOLLOWUP_BBH-1186740100-3400.dax_ID0000174.000/00/00/plot_trigger_timeseries_ID5_ID0000006.meta,/mnt/poseidon-data/poseidon/workflows/pycbc/search/poseidon/submit/poseidon/pegasus/pycbc-search/run0416/00/04/./H1L1V1-INJECTION_MINIFOLLOWUP_BBH-1186740100-3400.dax_ID0000174.000/00/00/plot_singles_timefreq_ID7_ID0000012.meta --insert /mnt/poseidon-data/poseidon/workflows/pycbc/search/poseidon/submit/poseidon/pegasus/pycbc-search/run0416/00/04/./H1L1V1-INJECTION_MINIFOLLOWUP_BBH-1186740100-3400.dax_ID0000174.000/00/00/register_condorpool_0_0.in",3.3,0,0,,,,,,,,,
register_condorpool_0_1_pegasus-plan_ID0000174,None,auxiliary,0,1716442847.0,,,1716442867.0,,,0.0,1716442871.0,1716442877.0,,,0.0,1716442877.0,1716442882.0,20.0,,4.0,6.0,5.0,,,,,poseidon,local,poseidon-submit,pegasus::rc-client,/mnt/poseidon-data/poseidon/pegasus-5.1.0panorama/bin/pegasus-rc-client,"-n pegasus::rc-client -N null -R local  -L H1L1V1-INJECTION_MINIFOLLOWUP_BBH-1186740100-3400 -T 2024-03-13T22:37:56+00:00 /home/poseidon/pegasus-5.1.0panorama/bin/pegasus-rc-client --prefix pegasus.catalog.replica.output --conf /mnt/poseidon-data/poseidon/workflows/pycbc/search/poseidon/submit/poseidon/pegasus/pycbc-search/run0416/00/04/./H1L1V1-INJECTION_MINIFOLLOWUP_BBH-1186740100-3400.dax_ID0000174.000/pegasus.15590374316095655946.properties -v --meta /mnt/poseidon-data/poseidon/workflows/pycbc/search/poseidon/submit/poseidon/pegasus/pycbc-search/run0416/00/04/./H1L1V1-INJECTION_MINIFOLLOWUP_BBH-1186740100-3400.dax_ID0000174.000/00/00/single_template_ID13_ID0000044.meta,/mnt/poseidon-data/poseidon/workflows/pycbc/search/poseidon/submit/poseidon/pegasus/pycbc-search/run0416/00/04/./H1L1V1-INJECTION_MINIFOLLOWUP_BBH-1186740100-3400.dax_ID0000174.000/00/00/page_snglinfo_ID2_ID0000005.meta,/mnt/poseidon-data/poseidon/workflows/pycbc/search/poseidon/submit/poseidon/pegasus/pycbc-search/run0416/00/04/./H1L1V1-INJECTION_MINIFOLLOWUP_BBH-1186740100-3400.dax_ID0000174.000/00/00/single_template_ID13_ID0000034.meta,/mnt/poseidon-data/poseidon/workflows/pycbc/search/poseidon/submit/poseidon/pegasus/pycbc-search/run0416/00/04/./H1L1V1-INJECTION_MINIFOLLOWUP_BBH-1186740100-3400.dax_ID0000174.000/00/00/plot_trigger_timeseries_ID5_ID0000007.meta,/mnt/poseidon-data/poseidon/workflows/pycbc/search/poseidon/submit/poseidon/pegasus/pycbc-search/run0416/00/04/./H1L1V1-INJECTION_MINIFOLLOWUP_BBH-1186740100-3400.dax_ID0000174.000/00/00/single_template_ID13_ID0000042.meta,/mnt/poseidon-data/poseidon/workflows/pycbc/search/poseidon/submit/poseidon/pegasus/pycbc-search/run0416/00/04/./H1L1V1-INJECTION_MINIFOLLOWUP_BBH-1186740100-3400.dax_ID0000174.000/00/00/single_template_ID13_ID0000026.meta,/mnt/poseidon-data/poseidon/workflows/pycbc/search/poseidon/submit/poseidon/pegasus/pycbc-search/run0416/00/04/./H1L1V1-INJECTION_MINIFOLLOWUP_BBH-1186740100-3400.dax_ID0000174.000/00/00/page_injinfo_ID0_ID0000001.meta,/mnt/poseidon-data/poseidon/workflows/pycbc/search/poseidon/submit/poseidon/pegasus/pycbc-search/run0416/00/04/./H1L1V1-INJECTION_MINIFOLLOWUP_BBH-1186740100-3400.dax_ID0000174.000/00/00/single_template_ID13_ID0000020.meta --insert /mnt/poseidon-data/poseidon/workflows/pycbc/search/poseidon/submit/poseidon/pegasus/pycbc-search/run0416/00/04/./H1L1V1-INJECTION_MINIFOLLOWUP_BBH-1186740100-3400.dax_ID0000174.000/00/00/register_condorpool_0_1.in",3.2,0,0,,,,,,,,,
single_template_plot_ID14_ID0000029_pegasus-plan_ID0000174,None,compute,0,1716442847.0,,,1716442852.0,1716442867.0,1716442883.0,136998882.4,1716442866.0,1716442902.0,1716442891.0,1716442894.0,51274.0,1716442902.0,1716442907.0,5.0,,14.0,36.0,5.0,16.0,1389826192.0,3.0,141428.0,poseidon,condorpool,poseidon-worker-1-container-0-3,single_template_plot_ID14,/usr/local/bin/pycbc_single_template_plot,,2.9,0,0,,,,,,,,,
single_template_plot_ID14_ID0000031_pegasus-plan_ID0000174,cpu_3,compute,0,1716442847.0,,,1716442852.0,1716442869.0,1716442886.0,134975661.8,1716442866.0,1716442907.0,1716442894.0,1716442896.0,53104.0,1716442907.0,1716442912.0,5.0,,14.0,41.0,5.0,17.0,1389826192.0,2.0,146024.0,poseidon,condorpool,poseidon-worker-1-container-24-27,single_template_plot_ID14,/usr/local/bin/pycbc_single_template_plot,,2.6,0,0,,,,,,,,,
single_template_plot_ID14_ID0000027_pegasus-plan_ID0000174,None,compute,0,1716442847.0,,,1716442852.0,1716442853.0,1716442869.0,138172507.8,1716442852.0,1716442887.0,1716442877.0,1716442880.0,55922.0,1716442887.0,1716442892.0,5.0,,0.0,35.0,5.0,16.0,1389826192.0,3.0,155849.0,poseidon,condorpool,poseidon-worker-1-container-0-3,single_template_plot_ID14,/usr/local/bin/pycbc_single_template_plot,,2.9,0,0,,,,,,,,,
single_template_plot_ID14_ID0000025_pegasus-plan_ID0000174,None,compute,0,1716442847.0,,,1716442852.0,1716442853.0,1716442869.0,133145145.2,1716442852.0,1716442887.0,1716442877.0,1716442880.0,36273.0,1716442887.0,1716442892.0,5.0,,0.0,35.0,5.0,16.0,1389826192.0,3.0,99939.0,poseidon,condorpool,poseidon-worker-2-container-12-15,single_template_plot_ID14,/usr/local/bin/pycbc_single_template_plot,,2.8,0,0,,,,,,,,,
single_template_plot_ID14_ID0000047_pegasus-plan_ID0000174,cpu_3,compute,0,1716442847.0,,,1716442852.0,1716442853.0,1716442869.0,134403737.8,1716442852.0,1716442887.0,1716442877.0,1716442880.0,29699.0,1716442887.0,1716442892.0,5.0,,0.0,35.0,5.0,16.0,1389826192.0,3.0,82377.0,poseidon,condorpool,poseidon-worker-2-container-8-11,single_template_plot_ID14,/usr/local/bin/pycbc_single_template_plot,,2.8,0,0,,,,,,,,,
register_condorpool_0_2_pegasus-plan_ID0000174,None,auxiliary,0,1716442862.0,,,1716442882.0,,,0.0,1716442882.0,1716442887.0,,,0.0,1716442887.0,1716442892.0,20.0,,0.0,5.0,5.0,,,,,poseidon,local,poseidon-submit,pegasus::rc-client,/mnt/poseidon-data/poseidon/pegasus-5.1.0panorama/bin/pegasus-rc-client,"-n pegasus::rc-client -N null -R local  -L H1L1V1-INJECTION_MINIFOLLOWUP_BBH-1186740100-3400 -T 2024-03-13T22:37:56+00:00 /home/poseidon/pegasus-5.1.0panorama/bin/pegasus-rc-client --prefix pegasus.catalog.replica.output --conf /mnt/poseidon-data/poseidon/workflows/pycbc/search/poseidon/submit/poseidon/pegasus/pycbc-search/run0416/00/04/./H1L1V1-INJECTION_MINIFOLLOWUP_BBH-1186740100-3400.dax_ID0000174.000/pegasus.15590374316095655946.properties -v --meta /mnt/poseidon-data/poseidon/workflows/pycbc/search/poseidon/submit/poseidon/pegasus/pycbc-search/run0416/00/04/./H1L1V1-INJECTION_MINIFOLLOWUP_BBH-1186740100-3400.dax_ID0000174.000/00/00/single_template_ID13_ID0000014.meta,/mnt/poseidon-data/poseidon/workflows/pycbc/search/poseidon/submit/poseidon/pegasus/pycbc-search/run0416/00/04/./H1L1V1-INJECTION_MINIFOLLOWUP_BBH-1186740100-3400.dax_ID0000174.000/00/00/single_template_ID13_ID0000046.meta,/mnt/poseidon-data/poseidon/workflows/pycbc/search/poseidon/submit/poseidon/pegasus/pycbc-search/run0416/00/04/./H1L1V1-INJECTION_MINIFOLLOWUP_BBH-1186740100-3400.dax_ID0000174.000/00/00/single_template_ID13_ID0000036.meta,/mnt/poseidon-data/poseidon/workflows/pycbc/search/poseidon/submit/poseidon/pegasus/pycbc-search/run0416/00/04/./H1L1V1-INJECTION_MINIFOLLOWUP_BBH-1186740100-3400.dax_ID0000174.000/00/00/plot_singles_timefreq_ID7_ID0000008.meta,/mnt/poseidon-data/poseidon/workflows/pycbc/search/poseidon/submit/poseidon/pegasus/pycbc-search/run0416/00/04/./H1L1V1-INJECTION_MINIFOLLOWUP_BBH-1186740100-3400.dax_ID0000174.000/00/00/single_template_ID13_ID0000028.meta,/mnt/poseidon-data/poseidon/workflows/pycbc/search/poseidon/submit/poseidon/pegasus/pycbc-search/run0416/00/04/./H1L1V1-INJECTION_MINIFOLLOWUP_BBH-1186740100-3400.dax_ID0000174.000/00/00/single_template_ID13_ID0000030.meta,/mnt/poseidon-data/poseidon/workflows/pycbc/search/poseidon/submit/poseidon/pegasus/pycbc-search/run0416/00/04/./H1L1V1-INJECTION_MINIFOLLOWUP_BBH-1186740100-3400.dax_ID0000174.000/00/00/plot_qscan_ID8_ID0000011.meta,/mnt/poseidon-data/poseidon/workflows/pycbc/search/poseidon/submit/poseidon/pegasus/pycbc-search/run0416/00/04/./H1L1V1-INJECTION_MINIFOLLOWUP_BBH-1186740100-3400.dax_ID0000174.000/00/00/plot_singles_timefreq_ID7_ID0000010.meta --insert /mnt/poseidon-data/poseidon/workflows/pycbc/search/poseidon/submit/poseidon/pegasus/pycbc-search/run0416/00/04/./H1L1V1-INJECTION_MINIFOLLOWUP_BBH-1186740100-3400.dax_ID0000174.000/00/00/register_condorpool_0_2.in",3.3,0,0,,,,,,,,,
stage_out_local_condorpool_1_0_pegasus-plan_ID0000174,None,transfer,0,1716442892.0,,,1716442897.0,,,0.0,1716442897.0,1716442912.0,1716442898.0,1716442902.0,215104.0,1716442912.0,1716442917.0,5.0,,0.0,15.0,5.0,,,4.0,866649.0,poseidon,local,poseidon-submit,pegasus::transfer,/mnt/poseidon-data/poseidon/pegasus-5.1.0panorama/bin/pegasus-transfer,/home/poseidon/pegasus-5.1.0panorama/bin/../bin/pegasus-kickstart  -n pegasus::transfer -N null -i - -R local  -L H1L1V1-INJECTION_MINIFOLLOWUP_BBH-1186740100-3400 -T 2024-03-13T22:37:56+00:00 /home/poseidon/pegasus-5.1.0panorama/bin/../bin/pegasus-transfer  --threads 2,1.0,0,0,,,,,,,,,
stage_out_local_condorpool_1_1_pegasus-plan_ID0000174,None,transfer,0,1716442912.0,,,1716442917.0,,,0.0,1716442917.0,1716442927.0,1716442917.0,1716442921.0,223364.0,1716442927.0,1716442932.0,5.0,,0.0,10.0,5.0,,,4.0,900594.0,poseidon,local,poseidon-submit,pegasus::transfer,/mnt/poseidon-data/poseidon/pegasus-5.1.0panorama/bin/pegasus-transfer,/home/poseidon/pegasus-5.1.0panorama/bin/../bin/pegasus-kickstart  -n pegasus::transfer -N null -i - -R local  -L H1L1V1-INJECTION_MINIFOLLOWUP_BBH-1186740100-3400 -T 2024-03-13T22:37:56+00:00 /home/poseidon/pegasus-5.1.0panorama/bin/../bin/pegasus-transfer  --threads 2,1.0,0,0,,,,,,,,,
register_condorpool_1_0_pegasus-plan_ID0000174,None,auxiliary,0,1716442917.0,,,1716442922.0,,,0.0,1716442923.0,1716442927.0,,,0.0,1716442927.0,1716442932.0,5.0,,1.0,4.0,5.0,,,,,poseidon,local,poseidon-submit,pegasus::rc-client,/mnt/poseidon-data/poseidon/pegasus-5.1.0panorama/bin/pegasus-rc-client,"-n pegasus::rc-client -N null -R local  -L H1L1V1-INJECTION_MINIFOLLOWUP_BBH-1186740100-3400 -T 2024-03-13T22:37:56+00:00 /home/poseidon/pegasus-5.1.0panorama/bin/pegasus-rc-client --prefix pegasus.catalog.replica.output --conf /mnt/poseidon-data/poseidon/workflows/pycbc/search/poseidon/submit/poseidon/pegasus/pycbc-search/run0416/00/04/./H1L1V1-INJECTION_MINIFOLLOWUP_BBH-1186740100-3400.dax_ID0000174.000/pegasus.15590374316095655946.properties -v --meta /mnt/poseidon-data/poseidon/workflows/pycbc/search/poseidon/submit/poseidon/pegasus/pycbc-search/run0416/00/04/./H1L1V1-INJECTION_MINIFOLLOWUP_BBH-1186740100-3400.dax_ID0000174.000/00/01/single_template_plot_ID14_ID0000017.meta,/mnt/poseidon-data/poseidon/workflows/pycbc/search/poseidon/submit/poseidon/pegasus/pycbc-search/run0416/00/04/./H1L1V1-INJECTION_MINIFOLLOWUP_BBH-1186740100-3400.dax_ID0000174.000/00/00/single_template_plot_ID14_ID0000033.meta,/mnt/poseidon-data/poseidon/workflows/pycbc/search/poseidon/submit/poseidon/pegasus/pycbc-search/run0416/00/04/./H1L1V1-INJECTION_MINIFOLLOWUP_BBH-1186740100-3400.dax_ID0000174.000/00/01/single_template_plot_ID14_ID0000049.meta,/mnt/poseidon-data/poseidon/workflows/pycbc/search/poseidon/submit/poseidon/pegasus/pycbc-search/run0416/00/04/./H1L1V1-INJECTION_MINIFOLLOWUP_BBH-1186740100-3400.dax_ID0000174.000/00/01/single_template_plot_ID14_ID0000023.meta,/mnt/poseidon-data/poseidon/workflows/pycbc/search/poseidon/submit/poseidon/pegasus/pycbc-search/run0416/00/04/./H1L1V1-INJECTION_MINIFOLLOWUP_BBH-1186740100-3400.dax_ID0000174.000/00/00/single_template_plot_ID14_ID0000037.meta,/mnt/poseidon-data/poseidon/workflows/pycbc/search/poseidon/submit/poseidon/pegasus/pycbc-search/run0416/00/04/./H1L1V1-INJECTION_MINIFOLLOWUP_BBH-1186740100-3400.dax_ID0000174.000/00/01/single_template_plot_ID14_ID0000045.meta,/mnt/poseidon-data/poseidon/workflows/pycbc/search/poseidon/submit/poseidon/pegasus/pycbc-search/run0416/00/04/./H1L1V1-INJECTION_MINIFOLLOWUP_BBH-1186740100-3400.dax_ID0000174.000/00/01/single_template_plot_ID14_ID0000019.meta,/mnt/poseidon-data/poseidon/workflows/pycbc/search/poseidon/submit/poseidon/pegasus/pycbc-search/run0416/00/04/./H1L1V1-INJECTION_MINIFOLLOWUP_BBH-1186740100-3400.dax_ID0000174.000/00/00/single_template_plot_ID14_ID0000041.meta,/mnt/poseidon-data/poseidon/workflows/pycbc/search/poseidon/submit/poseidon/pegasus/pycbc-search/run0416/00/04/./H1L1V1-INJECTION_MINIFOLLOWUP_BBH-1186740100-3400.dax_ID0000174.000/00/01/single_template_plot_ID14_ID0000027.meta --insert /mnt/poseidon-data/poseidon/workflows/pycbc/search/poseidon/submit/poseidon/pegasus/pycbc-search/run0416/00/04/./H1L1V1-INJECTION_MINIFOLLOWUP_BBH-1186740100-3400.dax_ID0000174.000/00/01/register_condorpool_1_0.in",3.1,0,0,,,,,,,,,
register_condorpool_1_1_pegasus-plan_ID0000174,None,auxiliary,0,1716442932.0,,,1716442937.0,,,0.0,1716442937.0,1716442942.0,,,0.0,1716442942.0,1716442947.0,5.0,,0.0,5.0,5.0,,,,,poseidon,local,poseidon-submit,pegasus::rc-client,/mnt/poseidon-data/poseidon/pegasus-5.1.0panorama/bin/pegasus-rc-client,"-n pegasus::rc-client -N null -R local  -L H1L1V1-INJECTION_MINIFOLLOWUP_BBH-1186740100-3400 -T 2024-03-13T22:37:56+00:00 /home/poseidon/pegasus-5.1.0panorama/bin/pegasus-rc-client --prefix pegasus.catalog.replica.output --conf /mnt/poseidon-data/poseidon/workflows/pycbc/search/poseidon/submit/poseidon/pegasus/pycbc-search/run0416/00/04/./H1L1V1-INJECTION_MINIFOLLOWUP_BBH-1186740100-3400.dax_ID0000174.000/pegasus.15590374316095655946.properties -v --meta /mnt/poseidon-data/poseidon/workflows/pycbc/search/poseidon/submit/poseidon/pegasus/pycbc-search/run0416/00/04/./H1L1V1-INJECTION_MINIFOLLOWUP_BBH-1186740100-3400.dax_ID0000174.000/00/01/single_template_plot_ID14_ID0000021.meta,/mnt/poseidon-data/poseidon/workflows/pycbc/search/poseidon/submit/poseidon/pegasus/pycbc-search/run0416/00/04/./H1L1V1-INJECTION_MINIFOLLOWUP_BBH-1186740100-3400.dax_ID0000174.000/00/01/single_template_plot_ID14_ID0000031.meta,/mnt/poseidon-data/poseidon/workflows/pycbc/search/poseidon/submit/poseidon/pegasus/pycbc-search/run0416/00/04/./H1L1V1-INJECTION_MINIFOLLOWUP_BBH-1186740100-3400.dax_ID0000174.000/00/01/single_template_plot_ID14_ID0000029.meta,/mnt/poseidon-data/poseidon/workflows/pycbc/search/poseidon/submit/poseidon/pegasus/pycbc-search/run0416/00/04/./H1L1V1-INJECTION_MINIFOLLOWUP_BBH-1186740100-3400.dax_ID0000174.000/00/00/single_template_plot_ID14_ID0000043.meta,/mnt/poseidon-data/poseidon/workflows/pycbc/search/poseidon/submit/poseidon/pegasus/pycbc-search/run0416/00/04/./H1L1V1-INJECTION_MINIFOLLOWUP_BBH-1186740100-3400.dax_ID0000174.000/00/00/single_template_plot_ID14_ID0000039.meta,/mnt/poseidon-data/poseidon/workflows/pycbc/search/poseidon/submit/poseidon/pegasus/pycbc-search/run0416/00/04/./H1L1V1-INJECTION_MINIFOLLOWUP_BBH-1186740100-3400.dax_ID0000174.000/00/00/single_template_plot_ID14_ID0000035.meta,/mnt/poseidon-data/poseidon/workflows/pycbc/search/poseidon/submit/poseidon/pegasus/pycbc-search/run0416/00/04/./H1L1V1-INJECTION_MINIFOLLOWUP_BBH-1186740100-3400.dax_ID0000174.000/00/01/single_template_plot_ID14_ID0000015.meta,/mnt/poseidon-data/poseidon/workflows/pycbc/search/poseidon/submit/poseidon/pegasus/pycbc-search/run0416/00/04/./H1L1V1-INJECTION_MINIFOLLOWUP_BBH-1186740100-3400.dax_ID0000174.000/00/01/single_template_plot_ID14_ID0000025.meta,/mnt/poseidon-data/poseidon/workflows/pycbc/search/poseidon/submit/poseidon/pegasus/pycbc-search/run0416/00/04/./H1L1V1-INJECTION_MINIFOLLOWUP_BBH-1186740100-3400.dax_ID0000174.000/00/01/single_template_plot_ID14_ID0000047.meta --insert /mnt/poseidon-data/poseidon/workflows/pycbc/search/poseidon/submit/poseidon/pegasus/pycbc-search/run0416/00/04/./H1L1V1-INJECTION_MINIFOLLOWUP_BBH-1186740100-3400.dax_ID0000174.000/00/01/register_condorpool_1_1.in",3.3,0,0,,,,,,,,,
cleanup_pycbc-search_0_condorpool,None,auxiliary,0,1716442947.0,,,1716442952.0,,,0.0,1716442952.0,1716442962.0,,,0.0,1716442962.0,1716442967.0,5.0,,0.0,10.0,5.0,,,,,poseidon,local,poseidon-submit,pegasus::cleanup,/mnt/poseidon-data/poseidon/pegasus-5.1.0panorama/bin/pegasus-transfer,pegasus-kickstart  -n pegasus::cleanup -N null -i - -R local  -L pycbc-search -T 2024-03-27T21:26:08+00:00 pegasus-transfer,0.3,0,0,,,,,,,,,
cleanup_pycbc-search_0_local,None,auxiliary,0,1716442947.0,,,1716442952.0,,,0.0,1716442952.0,1716442962.0,,,0.0,1716442962.0,1716442967.0,5.0,,0.0,10.0,5.0,,,,,poseidon,local,poseidon-submit,pegasus::cleanup,/mnt/poseidon-data/poseidon/pegasus-5.1.0panorama/bin/pegasus-transfer,pegasus-kickstart  -n pegasus::cleanup -N null -i - -R local  -L pycbc-search -T 2024-03-27T21:26:08+00:00 pegasus-transfer,0.3,0,0,,,,,,,,,
