,anomaly_type,type,is_clustered,ready,pre_script_start,pre_script_end,submit,stage_in_start,stage_in_end,stage_in_effective_bytes_per_sec,execute_start,execute_end,stage_out_start,stage_out_end,stage_out_effective_bytes_per_sec,post_script_start,post_script_end,wms_delay,pre_script_delay,queue_delay,runtime,post_script_delay,stage_in_delay,stage_in_bytes,stage_out_delay,stage_out_bytes,kickstart_user,kickstart_site,kickstart_hostname,kickstart_transformations,kickstart_executables,kickstart_executables_argv,kickstart_executables_cpu_time,kickstart_status,kickstart_executables_exitcode,kickstart_online_iowait,kickstart_online_bytes_read,kickstart_online_bytes_written,kickstart_online_read_system_calls,kickstart_online_write_system_calls,kickstart_online_utime,kickstart_online_stime,kickstart_online_bytes_read_per_second,kickstart_online_bytes_written_per_second
create_dir_pycbc-search_0_condorpool,None,auxiliary,0,1716391873.0,,,1716391874.0,,,0.0,1716391879.0,1716391889.0,,,0.0,1716391889.0,1716391894.0,1.0,,5.0,10.0,5.0,,,,,poseidon,local,poseidon-submit,pegasus::dirmanager,/mnt/poseidon-data/poseidon/pegasus-5.1.0panorama/bin/pegasus-transfer,pegasus-kickstart  -n pegasus::dirmanager -N null -i - -R local  -L pycbc-search -T 2024-03-27T21:26:08+00:00 pegasus-transfer,0.3,0,0,,,,,,,,,
create_dir_pycbc-search_0_local,None,auxiliary,0,1716391873.0,,,1716391874.0,,,0.0,1716391879.0,1716391889.0,,,0.0,1716391889.0,1716391894.0,1.0,,5.0,10.0,5.0,,,,,poseidon,local,poseidon-submit,pegasus::dirmanager,/mnt/poseidon-data/poseidon/pegasus-5.1.0panorama/bin/pegasus-transfer,pegasus-kickstart  -n pegasus::dirmanager -N null -i - -R local  -L pycbc-search -T 2024-03-27T21:26:08+00:00 pegasus-transfer,0.3,0,0,,,,,,,,,
page_segplot_ID46_ID0000047,None,compute,0,1716391894.0,,,1716391899.0,1716391902.0,1716391927.0,70024709.9,1716391901.0,1716391944.0,1716391936.0,1716391938.0,19918.0,1716391944.0,1716391949.0,5.0,,2.0,43.0,5.0,25.0,1379890407.0,2.0,54164.0,poseidon,condorpool,poseidon-worker-2-container-40-43,page_segplot_ID46,/usr/local/bin/pycbc_page_segplot,,3.0,0,0,,,,,,,,,
calculate_psd_ID38_ID0000039,cpu_2,compute,0,1716391894.0,,,1716391899.0,1716391902.0,1716391922.0,105426269.5,1716391901.0,1716391969.0,1716391957.0,1716391960.0,6215220.0,1716391969.0,1716391974.0,5.0,,2.0,68.0,5.0,20.0,1509359540.0,3.0,18080430.0,poseidon,condorpool,poseidon-worker-1-container-28-31,calculate_psd_ID38,/usr/local/bin/pycbc_calculate_psd,,29.8,0,0,0.0,803729983.0,28825.0,4755.0,33.0,21.3,3.6,16074599.7,2882.5
page_versioning_ID174_ID0000184,cpu_2,compute,0,1716391894.0,,,1716391899.0,1716391902.0,1716391918.0,86794382.0,1716391901.0,1716392009.0,1716391998.0,1716392001.0,19222.0,1716392009.0,1716392014.0,5.0,,2.0,108.0,5.0,16.0,1379880960.0,3.0,54037.0,poseidon,condorpool,poseidon-worker-1-container-32-35,page_versioning_ID174,/usr/local/bin/pycbc_page_versioning,,74.2,0,0,0.0,1667836292.0,2159258.0,272148.0,2397.0,8.8,2.5,11913116.4,15423.3
injections_ID123_ID0000132,None,compute,0,1716391894.0,,,1716391899.0,1716391902.0,1716391915.0,109565552.0,1716391901.0,1716391929.0,1716391920.0,1716391923.0,14315.0,1716391929.0,1716391934.0,5.0,,2.0,28.0,5.0,13.0,1379880960.0,3.0,40346.0,poseidon,condorpool,poseidon-worker-1-container-20-23,injections_ID123,/usr/local/bin/lalapps_inspinj,,0.2,0,0,,,,,,,,,
bank2hdf_ID0_ID0000001,cpu_2,compute,0,1716391894.0,,,1716391899.0,1716391902.0,1716391918.0,141951164.7,1716391901.0,1716391934.0,1716391925.0,1716391928.0,12202.0,1716391934.0,1716391939.0,5.0,,2.0,33.0,5.0,16.0,1379906606.0,3.0,33190.0,poseidon,condorpool,poseidon-worker-1-container-44-47,bank2hdf_ID0,/usr/local/bin/pycbc_coinc_bank2hdf,,1.9,0,0,,,,,,,,,
page_segtable_ID45_ID0000048,cpu_2,compute,0,1716391894.0,,,1716391899.0,1716391902.0,1716391921.0,106123519.2,1716391901.0,1716391939.0,1716391930.0,1716391932.0,880.0,1716391939.0,1716391944.0,5.0,,2.0,38.0,5.0,19.0,1379890267.0,2.0,2376.0,poseidon,condorpool,poseidon-worker-1-container-40-43,page_segtable_ID45,/usr/local/bin/pycbc_page_segtable,,2.9,0,0,,,,,,,,,
page_segtable_ID45_ID0000046,cpu_2,compute,0,1716391894.0,,,1716391899.0,1716391902.0,1716391923.0,89681715.1,1716391901.0,1716391944.0,1716391932.0,1716391934.0,926.0,1716391944.0,1716391949.0,5.0,,2.0,43.0,5.0,21.0,1379890407.0,2.0,2496.0,poseidon,condorpool,poseidon-worker-1-container-36-39,page_segtable_ID45,/usr/local/bin/pycbc_page_segtable,,2.8,0,0,,,,,,,,,
calculate_psd_ID38_ID0000040,cpu_2,compute,0,1716391894.0,,,1716391899.0,1716391902.0,1716391921.0,118727632.5,1716391901.0,1716391969.0,1716391955.0,1716391958.0,6023286.0,1716391969.0,1716391974.0,5.0,,2.0,68.0,5.0,19.0,1488783041.0,3.0,17717127.0,poseidon,condorpool,poseidon-worker-1-container-24-27,calculate_psd_ID38,/usr/local/bin/pycbc_calculate_psd,,29.4,0,0,0.1,680270995.0,28825.0,4755.0,33.0,20.0,4.9,13605419.9,2882.5
calculate_psd_ID38_ID0000041,cpu_2,compute,0,1716391894.0,,,1716391899.0,1716391902.0,1716391918.0,150152922.0,1716391901.0,1716391964.0,1716391951.0,1716391954.0,5563564.0,1716391964.0,1716391969.0,5.0,,2.0,63.0,5.0,16.0,1485630519.0,3.0,17785535.0,poseidon,condorpool,poseidon-worker-2-container-44-47,calculate_psd_ID38,/usr/local/bin/pycbc_calculate_psd,,27.2,0,0,0.0,661355866.0,28825.0,4755.0,33.0,21.2,3.7,13227117.3,2882.5
plot_segments_ID43_ID0000044,cpu_2,compute,0,1716391894.0,,,1716391899.0,1716391902.0,1716391923.0,89912550.2,1716391901.0,1716391939.0,1716391931.0,1716391934.0,8938.0,1716391939.0,1716391944.0,5.0,,2.0,38.0,5.0,21.0,1379884331.0,3.0,24219.0,poseidon,condorpool,poseidon-worker-2-container-16-19,plot_segments_ID43,/usr/local/bin/pycbc_page_segments,,2.6,0,0,,,,,,,,,
inj2hdf_ID124_ID0000133,cpu_2,compute,0,1716391934.0,,,1716391939.0,1716391940.0,1716391956.0,142292753.6,1716391940.0,1716391974.0,1716391963.0,1716391966.0,23143.0,1716391974.0,1716391979.0,5.0,,1.0,34.0,5.0,16.0,1379921306.0,3.0,63156.0,poseidon,condorpool,poseidon-worker-1-container-44-47,inj2hdf_ID124,/usr/local/bin/pycbc_convertinjfiletohdf,,2.0,0,0,,,,,,,,,
splitbank_ID1_ID0000002,None,compute,0,1716391939.0,,,1716391944.0,1716391946.0,1716391961.0,141385185.7,1716391945.0,1716391979.0,1716391968.0,1716391971.0,12170.0,1716391979.0,1716391984.0,5.0,,1.0,34.0,5.0,15.0,1379914150.0,3.0,33190.0,poseidon,condorpool,poseidon-worker-1-container-20-23,splitbank_ID1,/usr/local/bin/pycbc_hdf5_splitbank,,2.1,0,0,,,,,,,,,
splitbank_ID1_ID0000131,cpu_2,compute,0,1716391939.0,,,1716391944.0,1716391946.0,1716391961.0,141067934.8,1716391945.0,1716391979.0,1716391968.0,1716391971.0,12198.0,1716391979.0,1716391984.0,5.0,,1.0,34.0,5.0,15.0,1379914150.0,3.0,33190.0,poseidon,condorpool,poseidon-worker-2-container-16-19,splitbank_ID1,/usr/local/bin/pycbc_hdf5_splitbank,,1.8,0,0,,,,,,,,,
plot_bank_ID2_ID0000003,cpu_2,compute,0,1716391939.0,,,1716391944.0,1716391946.0,1716391961.0,140538922.3,1716391945.0,1716391979.0,1716391969.0,1716391972.0,8366.0,1716391979.0,1716391984.0,5.0,,1.0,34.0,5.0,15.0,1379914150.0,3.0,22779.0,poseidon,condorpool,poseidon-worker-1-container-36-39,plot_bank_ID2,/usr/local/bin/pycbc_plot_bank_bins,,2.7,0,0,,,,,,,,,
plot_range_ID42_ID0000043,cpu_2,compute,0,1716391974.0,,,1716391979.0,1716391981.0,1716391997.0,143426424.2,1716391980.0,1716392019.0,1716392006.0,1716392009.0,18175.0,1716392019.0,1716392024.0,5.0,,1.0,39.0,5.0,16.0,1433464052.0,3.0,49604.0,poseidon,condorpool,poseidon-worker-1-container-44-47,plot_range_ID42,/usr/local/bin/pycbc_plot_range,,4.0,0,0,,,,,,,,,
plot_spectrum_ID41_ID0000042,cpu_2,compute,0,1716391974.0,,,1716391979.0,1716391981.0,1716391997.0,143513742.0,1716391980.0,1716392019.0,1716392008.0,1716392011.0,104284.0,1716392019.0,1716392024.0,5.0,,1.0,39.0,5.0,16.0,1433464052.0,3.0,287143.0,poseidon,condorpool,poseidon-worker-1-container-36-39,plot_spectrum_ID41,/usr/local/bin/pycbc_plot_psd_file,,5.4,0,0,0.0,86211675.0,63083.0,12917.0,34.0,3.3,1.4,8621167.5,6308.3
optimal_snr_ID125_ID0000134,cpu_2,compute,0,1716391979.0,,,1716391984.0,1716391985.0,1716392002.0,126804461.6,1716391984.0,1716392029.0,1716392016.0,1716392018.0,18344.0,1716392029.0,1716392035.0,5.0,,0.0,45.0,6.0,17.0,1433527208.0,2.0,50176.0,poseidon,condorpool,poseidon-worker-1-container-24-27,optimal_snr_ID125,/usr/local/bin/pycbc_optimal_snr,,8.0,0,0,0.0,86749426.0,28374.0,11475.0,26.0,3.5,1.2,8674942.6,2837.4
optimal_snr_ID125_ID0000135,cpu_2,compute,0,1716391979.0,,,1716391984.0,1716391985.0,1716392002.0,137805101.0,1716391984.0,1716392024.0,1716392015.0,1716392018.0,17184.0,1716392024.0,1716392029.0,5.0,,0.0,40.0,5.0,17.0,1433527208.0,3.0,50176.0,poseidon,condorpool,poseidon-worker-1-container-28-31,optimal_snr_ID125,/usr/local/bin/pycbc_optimal_snr,,7.7,0,0,0.1,89485601.0,28374.0,11737.0,26.0,3.6,1.3,8948560.1,2837.4
inspiral-BBH_INJECTIONS-V1_ID130_ID0000139,cpu_2,compute,0,1716391984.0,,,1716391989.0,1716391990.0,1716392006.0,140320180.5,1716391989.0,1716392230.0,1716392218.0,1716392221.0,366431.0,1716392230.0,1716392235.0,5.0,,0.0,241.0,5.0,16.0,1509453055.0,3.0,1026951.0,poseidon,condorpool,poseidon-worker-2-container-16-19,inspiral-BBH_INJECTIONS-V1_ID130,/usr/local/bin/pycbc_inspiral,,206.1,0,0,0.1,803356475.0,28374.0,5401.0,26.0,199.1,5.6,1959406.0,2837.4
inspiral-BBH_INJECTIONS-L1_ID129_ID0000138,cpu_2,compute,0,1716391984.0,,,1716391989.0,1716392000.0,1716392017.0,149355778.2,1716392000.0,1716392220.0,1716392211.0,1716392214.0,347821.0,1716392220.0,1716392225.0,5.0,,11.0,220.0,5.0,17.0,1488876556.0,3.0,1001786.0,poseidon,condorpool,poseidon-worker-1-container-36-39,inspiral-BBH_INJECTIONS-L1_ID129,/usr/local/bin/pycbc_inspiral,,188.8,0,0,0.1,679872836.0,28374.0,5320.0,26.0,179.1,5.7,1837494.2,2837.4
inspiral-BBH_INJECTIONS-H1_ID128_ID0000137,None,compute,0,1716391984.0,,,1716391989.0,1716391990.0,1716392006.0,144817309.4,1716391989.0,1716392295.0,1716392283.0,1716392286.0,404636.0,1716392295.0,1716392300.0,5.0,,0.0,306.0,5.0,16.0,1485724034.0,3.0,1169394.0,poseidon,condorpool,poseidon-worker-1-container-20-23,inspiral-BBH_INJECTIONS-H1_ID128,/usr/local/bin/pycbc_inspiral,,271.7,0,0,0.0,661032002.0,28374.0,5590.0,26.0,264.9,4.9,1224133.3,2837.4
inspiral-FULL_DATA-H1_ID3_ID0000004,cpu_2,compute,0,1716391984.0,,,1716391989.0,1716392000.0,1716392016.0,150233781.7,1716391999.0,1716392130.0,1716392118.0,1716392121.0,1858675.0,1716392130.0,1716392135.0,5.0,,10.0,131.0,5.0,16.0,1485660878.0,3.0,5726535.0,poseidon,condorpool,poseidon-worker-2-container-16-19,inspiral-FULL_DATA-H1_ID3,/usr/local/bin/pycbc_inspiral,,95.9,0,0,0.1,660762785.0,28374.0,4946.0,26.0,89.5,5.2,3477698.9,2837.4
inspiral-FULL_DATA-V1_ID5_ID0000006,cpu_2,compute,0,1716391984.0,,,1716391989.0,1716392000.0,1716392017.0,148513297.9,1716391999.0,1716392155.0,1716392142.0,1716392145.0,1753273.0,1716392155.0,1716392160.0,5.0,,10.0,156.0,5.0,17.0,1509389899.0,3.0,4940531.0,poseidon,condorpool,poseidon-worker-1-container-24-27,inspiral-FULL_DATA-V1_ID5,/usr/local/bin/pycbc_inspiral,,120.1,0,0,0.0,803152898.0,3848849.0,5015.0,643.0,115.2,4.5,3346470.4,192442.5
inspiral-FULL_DATA-L1_ID4_ID0000005,None,compute,0,1716391984.0,,,1716391989.0,1716392000.0,1716392017.0,142125621.6,1716391999.0,1716392145.0,1716392135.0,1716392138.0,1827252.0,1716392145.0,1716392150.0,5.0,,10.0,146.0,5.0,17.0,1488813400.0,3.0,5318861.0,poseidon,condorpool,poseidon-worker-1-container-20-23,inspiral-FULL_DATA-L1_ID4,/usr/local/bin/pycbc_inspiral,,112.4,0,0,0.1,679689289.0,28374.0,4987.0,26.0,104.0,5.8,3089496.8,2837.4
stage_out_local_condorpool_0_0,None,transfer,0,1716392014.0,,,1716392019.0,,,0.0,1716392019.0,1716392029.0,1716392019.0,1716392023.0,52264.0,1716392029.0,1716392035.0,5.0,,0.0,10.0,6.0,,,4.0,210828.0,poseidon,local,poseidon-submit,pegasus::transfer,/mnt/poseidon-data/poseidon/pegasus-5.1.0panorama/bin/pegasus-transfer,pegasus-kickstart  -n pegasus::transfer -N null -i - -R local  -L pycbc-search -T 2024-03-27T21:26:08+00:00 pegasus-transfer  --threads 2,0.9,0,0,,,,,,,,,
stage_out_local_condorpool_1_0,None,transfer,0,1716392024.0,,,1716392029.0,,,0.0,1716392029.0,1716392040.0,1716392030.0,1716392034.0,104767.0,1716392040.0,1716392045.0,5.0,,0.0,11.0,5.0,,,4.0,422682.0,poseidon,local,poseidon-submit,pegasus::transfer,/mnt/poseidon-data/poseidon/pegasus-5.1.0panorama/bin/pegasus-transfer,pegasus-kickstart  -n pegasus::transfer -N null -i - -R local  -L pycbc-search -T 2024-03-27T21:26:08+00:00 pegasus-transfer  --threads 2,0.6,0,0,,,,,,,,,
register_condorpool_0_0,None,auxiliary,0,1716392035.0,,,1716392040.0,,,0.0,1716392040.0,1716392045.0,,,0.0,1716392045.0,1716392050.0,5.0,,0.0,5.0,5.0,,,,,poseidon,local,poseidon-submit,pegasus::rc-client,/mnt/poseidon-data/poseidon/pegasus-5.1.0panorama/bin/pegasus-rc-client,"pegasus-kickstart  -n pegasus::rc-client -N null -R local  -L pycbc-search -T 2024-03-27T21:26:08+00:00 /home/poseidon/pegasus-5.1.0panorama/bin/pegasus-rc-client --prefix pegasus.catalog.replica.output --conf /mnt/poseidon-data/poseidon/workflows/pycbc/search/poseidon/submit/poseidon/pegasus/pycbc-search/run0377/pegasus.111206368763219812.properties -v --meta /mnt/poseidon-data/poseidon/workflows/pycbc/search/poseidon/submit/poseidon/pegasus/pycbc-search/run0377/00/00/calculate_psd_ID38_ID0000041.meta,/mnt/poseidon-data/poseidon/workflows/pycbc/search/poseidon/submit/poseidon/pegasus/pycbc-search/run0377/00/00/calculate_psd_ID38_ID0000039.meta,/mnt/poseidon-data/poseidon/workflows/pycbc/search/poseidon/submit/poseidon/pegasus/pycbc-search/run0377/00/00/injections_ID123_ID0000132.meta,/mnt/poseidon-data/poseidon/workflows/pycbc/search/poseidon/submit/poseidon/pegasus/pycbc-search/run0377/00/00/page_versioning_ID174_ID0000184.meta,/mnt/poseidon-data/poseidon/workflows/pycbc/search/poseidon/submit/poseidon/pegasus/pycbc-search/run0377/00/00/page_segtable_ID45_ID0000046.meta,/mnt/poseidon-data/poseidon/workflows/pycbc/search/poseidon/submit/poseidon/pegasus/pycbc-search/run0377/00/00/page_segtable_ID45_ID0000048.meta,/mnt/poseidon-data/poseidon/workflows/pycbc/search/poseidon/submit/poseidon/pegasus/pycbc-search/run0377/00/00/page_segplot_ID46_ID0000047.meta,/mnt/poseidon-data/poseidon/workflows/pycbc/search/poseidon/submit/poseidon/pegasus/pycbc-search/run0377/00/00/calculate_psd_ID38_ID0000040.meta,/mnt/poseidon-data/poseidon/workflows/pycbc/search/poseidon/submit/poseidon/pegasus/pycbc-search/run0377/00/00/bank2hdf_ID0_ID0000001.meta,/mnt/poseidon-data/poseidon/workflows/pycbc/search/poseidon/submit/poseidon/pegasus/pycbc-search/run0377/00/00/plot_segments_ID43_ID0000044.meta --insert /mnt/poseidon-data/poseidon/workflows/pycbc/search/poseidon/submit/poseidon/pegasus/pycbc-search/run0377/00/00/register_condorpool_0_0.in",3.4,0,0,,,,,,,,,
optimal_snr_merge_ID127_ID0000136,cpu_2,compute,0,1716392035.0,,,1716392040.0,1716392041.0,1716392056.0,141299211.4,1716392040.0,1716392075.0,1716392063.0,1716392066.0,24068.0,1716392075.0,1716392080.0,5.0,,0.0,35.0,5.0,15.0,1379981312.0,3.0,67932.0,poseidon,condorpool,poseidon-worker-1-container-24-27,optimal_snr_merge_ID127,/usr/local/bin/pycbc_merge_inj_hdf,,2.0,0,0,,,,,,,,,
register_condorpool_1_0,None,auxiliary,0,1716392045.0,,,1716392050.0,,,0.0,1716392050.0,1716392055.0,,,0.0,1716392055.0,1716392060.0,5.0,,0.0,5.0,5.0,,,,,poseidon,local,poseidon-submit,pegasus::rc-client,/mnt/poseidon-data/poseidon/pegasus-5.1.0panorama/bin/pegasus-rc-client,"pegasus-kickstart  -n pegasus::rc-client -N null -R local  -L pycbc-search -T 2024-03-27T21:26:08+00:00 /home/poseidon/pegasus-5.1.0panorama/bin/pegasus-rc-client --prefix pegasus.catalog.replica.output --conf /mnt/poseidon-data/poseidon/workflows/pycbc/search/poseidon/submit/poseidon/pegasus/pycbc-search/run0377/pegasus.111206368763219812.properties -v --meta /mnt/poseidon-data/poseidon/workflows/pycbc/search/poseidon/submit/poseidon/pegasus/pycbc-search/run0377/00/00/inj2hdf_ID124_ID0000133.meta,/mnt/poseidon-data/poseidon/workflows/pycbc/search/poseidon/submit/poseidon/pegasus/pycbc-search/run0377/00/00/splitbank_ID1_ID0000002.meta,/mnt/poseidon-data/poseidon/workflows/pycbc/search/poseidon/submit/poseidon/pegasus/pycbc-search/run0377/00/00/plot_range_ID42_ID0000043.meta,/mnt/poseidon-data/poseidon/workflows/pycbc/search/poseidon/submit/poseidon/pegasus/pycbc-search/run0377/00/00/plot_spectrum_ID41_ID0000042.meta,/mnt/poseidon-data/poseidon/workflows/pycbc/search/poseidon/submit/poseidon/pegasus/pycbc-search/run0377/00/00/splitbank_ID1_ID0000131.meta,/mnt/poseidon-data/poseidon/workflows/pycbc/search/poseidon/submit/poseidon/pegasus/pycbc-search/run0377/00/00/plot_bank_ID2_ID0000003.meta --insert /mnt/poseidon-data/poseidon/workflows/pycbc/search/poseidon/submit/poseidon/pegasus/pycbc-search/run0377/00/00/register_condorpool_1_0.in",3.2,0,0,,,,,,,,,
hdf_trigger_merge_ID6_ID0000007,cpu_2,compute,0,1716392135.0,,,1716392140.0,1716392141.0,1716392156.0,142572965.9,1716392140.0,1716392175.0,1716392163.0,1716392166.0,2152266.0,1716392175.0,1716392180.0,5.0,,0.0,35.0,5.0,15.0,1385640685.0,3.0,6262044.0,poseidon,condorpool,poseidon-worker-1-container-24-27,hdf_trigger_merge_ID6,/usr/local/bin/pycbc_coinc_mergetrigs,,1.2,0,0,,,,,,,,,
hdf_trigger_merge_ID6_ID0000008,cpu_2,compute,0,1716392150.0,,,1716392155.0,1716392156.0,1716392173.0,132720292.6,1716392155.0,1716392190.0,1716392179.0,1716392182.0,1902923.0,1716392190.0,1716392195.0,5.0,,0.0,35.0,5.0,17.0,1385233011.0,3.0,5850737.0,poseidon,condorpool,poseidon-worker-1-container-24-27,hdf_trigger_merge_ID6,/usr/local/bin/pycbc_coinc_mergetrigs,,1.1,0,0,,,,,,,,,
hdf_trigger_merge_ID6_ID0000009,None,compute,0,1716392160.0,,,1716392165.0,1716392166.0,1716392183.0,133925749.6,1716392166.0,1716392200.0,1716392189.0,1716392192.0,1908996.0,1716392200.0,1716392205.0,5.0,,1.0,34.0,5.0,17.0,1384854681.0,3.0,5437126.0,poseidon,condorpool,poseidon-worker-1-container-20-23,hdf_trigger_merge_ID6,/usr/local/bin/pycbc_coinc_mergetrigs,,1.1,0,0,,,,,,,,,
fit_by_template_ID9_ID0000010,cpu_2,compute,0,1716392180.0,,,1716392185.0,1716392187.0,1716392203.0,134254627.6,1716392186.0,1716392220.0,1716392211.0,1716392214.0,8970.0,1716392220.0,1716392225.0,5.0,,1.0,34.0,5.0,16.0,1386179107.0,3.0,25432.0,poseidon,condorpool,poseidon-worker-1-container-24-27,fit_by_template_ID9,/usr/local/bin/pycbc_fit_sngls_by_template,,2.6,0,0,,,,,,,,,
fit_by_template_ID9_ID0000012,cpu_2,compute,0,1716392195.0,,,1716392200.0,1716392201.0,1716392217.0,143271284.0,1716392200.0,1716392235.0,1716392226.0,1716392229.0,9316.0,1716392235.0,1716392240.0,5.0,,0.0,35.0,5.0,16.0,1385767800.0,3.0,25432.0,poseidon,condorpool,poseidon-worker-1-container-24-27,fit_by_template_ID9,/usr/local/bin/pycbc_fit_sngls_by_template,,2.3,0,0,,,,,,,,,
plot_gating_ID44_ID0000045,cpu_2,compute,0,1716392205.0,,,1716392210.0,1716392220.0,1716392237.0,131863366.2,1716392219.0,1716392255.0,1716392245.0,1716392248.0,3160.0,1716392255.0,1716392260.0,5.0,,9.0,36.0,5.0,17.0,1397430867.0,3.0,9128.0,poseidon,condorpool,poseidon-worker-1-container-24-27,plot_gating_ID44,/usr/local/bin/pycbc_plot_gating,,2.2,0,0,,,,,,,,,
plot_throughput_ID63_ID0000064,None,compute,0,1716392205.0,,,1716392210.0,1716392211.0,1716392228.0,135591905.4,1716392210.0,1716392250.0,1716392237.0,1716392239.0,31897.0,1716392250.0,1716392255.0,5.0,,0.0,40.0,5.0,17.0,1397430867.0,2.0,90287.0,poseidon,condorpool,poseidon-worker-1-container-20-23,plot_throughput_ID63,/usr/local/bin/pycbc_plot_throughput,,3.5,0,0,,,,,,,,,
fit_by_template_ID9_ID0000014,cpu_2,compute,0,1716392205.0,,,1716392210.0,1716392220.0,1716392238.0,117748852.1,1716392220.0,1716392255.0,1716392246.0,1716392249.0,9296.0,1716392255.0,1716392260.0,5.0,,10.0,35.0,5.0,18.0,1385354189.0,3.0,25432.0,poseidon,condorpool,poseidon-worker-1-container-36-39,fit_by_template_ID9,/usr/local/bin/pycbc_fit_sngls_by_template,,2.6,0,0,,,,,,,,,
fit_over_param_ID10_ID0000011,cpu_2,compute,0,1716392225.0,,,1716392230.0,1716392231.0,1716392247.0,134459521.6,1716392231.0,1716392265.0,1716392254.0,1716392257.0,10528.0,1716392265.0,1716392270.0,5.0,,1.0,34.0,5.0,16.0,1379939582.0,3.0,28880.0,poseidon,condorpool,poseidon-worker-2-container-16-19,fit_over_param_ID10,/usr/local/bin/pycbc_fit_sngls_over_multiparam,,1.7,0,0,,,,,,,,,
hdf_trigger_merge_ID6_ID0000141,cpu_2,compute,0,1716392225.0,,,1716392230.0,1716392235.0,1716392251.0,136632810.0,1716392234.0,1716392270.0,1716392257.0,1716392260.0,512350.0,1716392270.0,1716392275.0,5.0,,4.0,36.0,5.0,16.0,1380915936.0,3.0,1421088.0,poseidon,condorpool,poseidon-worker-1-container-24-27,hdf_trigger_merge_ID6,/usr/local/bin/pycbc_coinc_mergetrigs,,0.8,0,0,,,,,,,,,
hdf_trigger_merge_ID6_ID0000142,cpu_2,compute,0,1716392235.0,,,1716392240.0,1716392241.0,1716392258.0,132287699.8,1716392240.0,1716392275.0,1716392264.0,1716392266.0,515472.0,1716392275.0,1716392280.0,5.0,,0.0,35.0,5.0,17.0,1380941101.0,2.0,1446381.0,poseidon,condorpool,poseidon-worker-1-container-24-27,hdf_trigger_merge_ID6,/usr/local/bin/pycbc_coinc_mergetrigs,,0.8,0,0,,,,,,,,,
fit_over_param_ID10_ID0000013,None,compute,0,1716392240.0,,,1716392245.0,1716392246.0,1716392262.0,135602569.3,1716392245.0,1716392280.0,1716392269.0,1716392272.0,10607.0,1716392280.0,1716392285.0,5.0,,0.0,35.0,5.0,16.0,1379939582.0,3.0,28880.0,poseidon,condorpool,poseidon-worker-1-container-20-23,fit_over_param_ID10,/usr/local/bin/pycbc_fit_sngls_over_multiparam,,1.8,0,0,,,,,,,,,
fit_over_param_ID10_ID0000015,cpu_2,compute,0,1716392260.0,,,1716392265.0,1716392266.0,1716392282.0,143142818.9,1716392266.0,1716392300.0,1716392289.0,1716392291.0,10520.0,1716392300.0,1716392305.0,5.0,,1.0,34.0,5.0,16.0,1379939582.0,2.0,28880.0,poseidon,condorpool,poseidon-worker-1-container-24-27,fit_over_param_ID10,/usr/local/bin/pycbc_fit_sngls_over_multiparam,,1.7,0,0,,,,,,,,,
hdf_trigger_merge_ID6_ID0000140,cpu_2,compute,0,1716392300.0,,,1716392305.0,1716392306.0,1716392322.0,140974166.9,1716392306.0,1716392340.0,1716392328.0,1716392331.0,560700.0,1716392340.0,1716392345.0,5.0,,1.0,34.0,5.0,16.0,1381083544.0,3.0,1595157.0,poseidon,condorpool,poseidon-worker-1-container-24-27,hdf_trigger_merge_ID6,/usr/local/bin/pycbc_coinc_mergetrigs,,0.8,0,0,,,,,,,,,
register_condorpool_2_0,None,auxiliary,0,1716392300.0,,,1716392305.0,,,0.0,1716392305.0,1716392310.0,,,0.0,1716392310.0,1716392315.0,5.0,,0.0,5.0,5.0,,,,,poseidon,local,poseidon-submit,pegasus::rc-client,/mnt/poseidon-data/poseidon/pegasus-5.1.0panorama/bin/pegasus-rc-client,"pegasus-kickstart  -n pegasus::rc-client -N null -R local  -L pycbc-search -T 2024-03-27T21:26:08+00:00 /home/poseidon/pegasus-5.1.0panorama/bin/pegasus-rc-client --prefix pegasus.catalog.replica.output --conf /mnt/poseidon-data/poseidon/workflows/pycbc/search/poseidon/submit/poseidon/pegasus/pycbc-search/run0377/pegasus.111206368763219812.properties -v --meta /mnt/poseidon-data/poseidon/workflows/pycbc/search/poseidon/submit/poseidon/pegasus/pycbc-search/run0377/00/00/inspiral-BBH_INJECTIONS-H1_ID128_ID0000137.meta,/mnt/poseidon-data/poseidon/workflows/pycbc/search/poseidon/submit/poseidon/pegasus/pycbc-search/run0377/00/00/optimal_snr_ID125_ID0000135.meta,/mnt/poseidon-data/poseidon/workflows/pycbc/search/poseidon/submit/poseidon/pegasus/pycbc-search/run0377/00/00/inspiral-FULL_DATA-H1_ID3_ID0000004.meta,/mnt/poseidon-data/poseidon/workflows/pycbc/search/poseidon/submit/poseidon/pegasus/pycbc-search/run0377/00/00/inspiral-FULL_DATA-L1_ID4_ID0000005.meta,/mnt/poseidon-data/poseidon/workflows/pycbc/search/poseidon/submit/poseidon/pegasus/pycbc-search/run0377/00/00/inspiral-BBH_INJECTIONS-L1_ID129_ID0000138.meta,/mnt/poseidon-data/poseidon/workflows/pycbc/search/poseidon/submit/poseidon/pegasus/pycbc-search/run0377/00/00/optimal_snr_ID125_ID0000134.meta,/mnt/poseidon-data/poseidon/workflows/pycbc/search/poseidon/submit/poseidon/pegasus/pycbc-search/run0377/00/00/inspiral-FULL_DATA-V1_ID5_ID0000006.meta,/mnt/poseidon-data/poseidon/workflows/pycbc/search/poseidon/submit/poseidon/pegasus/pycbc-search/run0377/00/00/inspiral-BBH_INJECTIONS-V1_ID130_ID0000139.meta --insert /mnt/poseidon-data/poseidon/workflows/pycbc/search/poseidon/submit/poseidon/pegasus/pycbc-search/run0377/00/00/register_condorpool_2_0.in",3.1,0,0,,,,,,,,,
coinc_ID15_ID0000020,None,compute,0,1716392305.0,,,1716392310.0,1716392326.0,1716392343.0,138651136.8,1716392326.0,1716392395.0,1716392383.0,1716392386.0,9553886.0,1716392395.0,1716392400.0,5.0,,16.0,69.0,5.0,17.0,1400924172.0,3.0,28932548.0,poseidon,condorpool,poseidon-worker-1-container-20-23,coinc_ID15,/usr/local/bin/pycbc_coinc_findtrigs,,33.5,0,0,0.1,198738532.0,16270920.0,34440.0,1353.0,28.0,1.8,3312308.9,813546.0
pegasus-plan_ID0000072,None,subwf,0,1716392305.0,1716392305.0,1716392312.0,1716392315.0,,,0.0,1716392316.0,1716392515.0,,,0.0,,,0.0,7.0,1.0,199.0,,,,,,poseidon,local,poseidon-submit,condor::dagman,/usr/bin/condor_dagman,-p 0  -f -l . -Notification never -Debug 3 -Lockfile L1-SINGLES_MINIFOLLOWUP_FULL_DATA_ALL-1186740100-3400.dag.lock -Dag L1-SINGLES_MINIFOLLOWUP_FULL_DATA_ALL-1186740100-3400.dag -AllowVersionMismatch  -AutoRescue 1 -DoRescueFrom 0,0.0,0,0,,,,,,,,,
sngls_ID23_ID0000153,cpu_2,compute,0,1716392305.0,,,1716392310.0,1716392326.0,1716392343.0,140684612.6,1716392326.0,1716392365.0,1716392354.0,1716392357.0,11856.0,1716392365.0,1716392370.0,5.0,,16.0,39.0,5.0,17.0,1390232479.0,3.0,34238.0,poseidon,condorpool,poseidon-worker-1-container-32-35,sngls_ID23,/usr/local/bin/pycbc_sngls_findtrigs,,5.9,0,0,0.0,71882733.0,28374.0,16967.0,26.0,3.9,1.0,7188273.3,2837.4
pegasus-plan_ID0000070,None,subwf,0,1716392305.0,1716392305.0,1716392312.0,1716392315.0,,,0.0,1716392316.0,1716392325.0,,,0.0,,,0.0,7.0,1.0,9.0,,,,,,poseidon,local,poseidon-submit,condor::dagman,/usr/bin/condor_dagman,-p 0  -f -l . -Notification never -Debug 3 -Lockfile L1-SINGLES_MINIFOLLOWUP_FULL_DATA_NONCOINC-1186740100-3400.dag.lock -Dag L1-SINGLES_MINIFOLLOWUP_FULL_DATA_NONCOINC-1186740100-3400.dag -AllowVersionMismatch  -AutoRescue 1 -DoRescueFrom 0,0.0,0,0,,,,,,,,,
sngls_ID23_ID0000151,cpu_2,compute,0,1716392305.0,,,1716392310.0,1716392326.0,1716392344.0,116557649.2,1716392325.0,1716392370.0,1716392359.0,1716392361.0,12852.0,1716392370.0,1716392375.0,5.0,,15.0,45.0,5.0,18.0,1390257772.0,2.0,35404.0,poseidon,condorpool,poseidon-worker-2-container-44-47,sngls_ID23,/usr/local/bin/pycbc_sngls_findtrigs,,5.4,0,0,0.1,45278279.0,28374.0,9921.0,26.0,2.0,0.9,4527827.9,2837.4
pegasus-plan_ID0000066,None,subwf,0,1716392305.0,1716392305.0,1716392312.0,1716392315.0,,,0.0,1716392316.0,1716392325.0,,,0.0,,,0.0,7.0,1.0,9.0,,,,,,poseidon,local,poseidon-submit,condor::dagman,/usr/bin/condor_dagman,-p 0  -f -l . -Notification never -Debug 3 -Lockfile H1-SINGLES_MINIFOLLOWUP_FULL_DATA_NONCOINC-1186740100-3400.dag.lock -Dag H1-SINGLES_MINIFOLLOWUP_FULL_DATA_NONCOINC-1186740100-3400.dag -AllowVersionMismatch  -AutoRescue 1 -DoRescueFrom 0,0.0,0,0,,,,,,,,,
coinc_ID15_ID0000018,None,compute,0,1716392305.0,,,1716392310.0,1716392326.0,1716392343.0,141239066.3,1716392326.0,1716392400.0,1716392387.0,1716392390.0,16053337.0,1716392400.0,1716392405.0,5.0,,16.0,74.0,5.0,17.0,1400510561.0,3.0,51835377.0,poseidon,condorpool,poseidon-worker-2-container-40-43,coinc_ID15,/usr/local/bin/pycbc_coinc_findtrigs,,36.8,0,0,0.0,193670567.0,48445390.0,34427.0,5705.0,33.2,1.7,2766722.4,1211134.8
sngls_ID23_ID0000028,cpu_2,compute,0,1716392305.0,,,1716392310.0,1716392326.0,1716392343.0,142296041.1,1716392325.0,1716392365.0,1716392355.0,1716392358.0,10785.0,1716392365.0,1716392370.0,5.0,,15.0,40.0,5.0,17.0,1395073435.0,3.0,29856.0,poseidon,condorpool,poseidon-worker-2-container-16-19,sngls_ID23,/usr/local/bin/pycbc_sngls_findtrigs,,6.2,0,0,0.0,81760238.0,28374.0,16049.0,26.0,3.9,1.0,8176023.8,2837.4
sngls_ID23_ID0000026,cpu_2,compute,0,1716392305.0,,,1716392310.0,1716392326.0,1716392343.0,141349455.0,1716392325.0,1716392365.0,1716392354.0,1716392357.0,11213.0,1716392365.0,1716392370.0,5.0,,15.0,40.0,5.0,17.0,1394662128.0,3.0,31904.0,poseidon,condorpool,poseidon-worker-1-container-40-43,sngls_ID23,/usr/local/bin/pycbc_sngls_findtrigs,,5.9,0,0,0.0,87151957.0,28374.0,17595.0,26.0,3.9,1.0,8715195.7,2837.4
sngls_ID23_ID0000024,cpu_2,compute,0,1716392305.0,,,1716392310.0,1716392326.0,1716392344.0,126275187.8,1716392325.0,1716392365.0,1716392355.0,1716392358.0,11409.0,1716392365.0,1716392370.0,5.0,,15.0,40.0,5.0,18.0,1394248517.0,3.0,31904.0,poseidon,condorpool,poseidon-worker-1-container-36-39,sngls_ID23,/usr/local/bin/pycbc_sngls_findtrigs,,5.8,0,0,0.0,88082290.0,28374.0,18431.0,26.0,3.9,1.0,8808229.0,2837.4
pegasus-plan_ID0000074,None,subwf,0,1716392305.0,1716392305.0,1716392312.0,1716392315.0,,,0.0,1716392316.0,1716392325.0,,,0.0,,,0.0,7.0,1.0,9.0,,,,,,poseidon,local,poseidon-submit,condor::dagman,/usr/bin/condor_dagman,-p 0  -f -l . -Notification never -Debug 3 -Lockfile V1-SINGLES_MINIFOLLOWUP_FULL_DATA_NONCOINC-1186740100-3400.dag.lock -Dag V1-SINGLES_MINIFOLLOWUP_FULL_DATA_NONCOINC-1186740100-3400.dag -AllowVersionMismatch  -AutoRescue 1 -DoRescueFrom 0,0.0,0,0,,,,,,,,,
stage_out_local_condorpool_5_0,None,transfer,0,1716392305.0,,,1716392310.0,,,0.0,1716392310.0,1716392320.0,1716392311.0,1716392315.0,21419.0,1716392320.0,1716392325.0,5.0,,0.0,10.0,5.0,,,4.0,86640.0,poseidon,local,poseidon-submit,pegasus::transfer,/mnt/poseidon-data/poseidon/pegasus-5.1.0panorama/bin/pegasus-transfer,pegasus-kickstart  -n pegasus::transfer -N null -i - -R local  -L pycbc-search -T 2024-03-27T21:26:08+00:00 pegasus-transfer  --threads 2,0.5,0,0,,,,,,,,,
coinc_ID15_ID0000022,cpu_2,compute,0,1716392305.0,,,1716392310.0,1716392326.0,1716392344.0,127008492.1,1716392326.0,1716392405.0,1716392394.0,1716392397.0,268287.0,1716392405.0,1716392410.0,5.0,,16.0,79.0,5.0,18.0,1406361298.0,3.0,742787.0,poseidon,condorpool,poseidon-worker-1-container-24-27,coinc_ID15,/usr/local/bin/pycbc_coinc_findtrigs,,38.3,0,0,0.0,260704087.0,28374.0,44974.0,26.0,32.2,1.1,3258801.1,2837.4
coinc_ID15_ID0000143,None,compute,0,1716392305.0,,,1716392310.0,1716392312.0,1716392328.0,143321936.1,1716392311.0,1716392355.0,1716392344.0,1716392347.0,19769.0,1716392355.0,1716392360.0,5.0,,1.0,44.0,5.0,16.0,1391678860.0,3.0,59521.0,poseidon,condorpool,poseidon-worker-1-container-20-23,coinc_ID15,/usr/local/bin/pycbc_coinc_findtrigs,,10.5,0,0,0.0,140645794.0,28374.0,31440.0,26.0,8.8,1.1,7032289.7,2837.4
pegasus-plan_ID0000068,None,subwf,0,1716392305.0,1716392305.0,1716392312.0,1716392315.0,,,0.0,1716392316.0,1716392505.0,,,0.0,,,0.0,7.0,1.0,189.0,,,,,,poseidon,local,poseidon-submit,condor::dagman,/usr/bin/condor_dagman,-p 0  -f -l . -Notification never -Debug 3 -Lockfile H1-SINGLES_MINIFOLLOWUP_FULL_DATA_ALL-1186740100-3400.dag.lock -Dag H1-SINGLES_MINIFOLLOWUP_FULL_DATA_ALL-1186740100-3400.dag -AllowVersionMismatch  -AutoRescue 1 -DoRescueFrom 0,0.0,0,0,,,,,,,,,
coinc_ID15_ID0000016,cpu_2,compute,0,1716392305.0,,,1716392310.0,1716392312.0,1716392328.0,128490120.6,1716392311.0,1716392390.0,1716392376.0,1716392380.0,14381266.0,1716392390.0,1716392395.0,5.0,,1.0,79.0,5.0,16.0,1400099254.0,4.0,47203238.0,poseidon,condorpool,poseidon-worker-1-container-24-27,coinc_ID15,/usr/local/bin/pycbc_coinc_findtrigs,,36.7,0,0,0.1,188542107.0,45438637.0,34506.0,6162.0,33.3,2.3,2356776.3,1135965.9
pegasus-plan_ID0000076,None,subwf,0,1716392305.0,1716392305.0,1716392312.0,1716392315.0,,,0.0,1716392316.0,1716392505.0,,,0.0,,,0.0,7.0,1.0,189.0,,,,,,poseidon,local,poseidon-submit,condor::dagman,/usr/bin/condor_dagman,-p 0  -f -l . -Notification never -Debug 3 -Lockfile V1-SINGLES_MINIFOLLOWUP_FULL_DATA_ALL-1186740100-3400.dag.lock -Dag V1-SINGLES_MINIFOLLOWUP_FULL_DATA_ALL-1186740100-3400.dag -AllowVersionMismatch  -AutoRescue 1 -DoRescueFrom 0,0.0,0,0,,,,,,,,,
create_dir_L1-SINGLES_MINIFOLLOWUP_FULL_DATA_ALL-1186740100-3400.dax_0_condorpool_pegasus-plan_ID0000072,None,auxiliary,0,1716392316.0,,,1716392317.0,,,0.0,1716392320.0,1716392327.0,,,0.0,1716392327.0,1716392332.0,1.0,,3.0,7.0,5.0,,,,,poseidon,local,poseidon-submit,pegasus::dirmanager,/mnt/poseidon-data/poseidon/pegasus-5.1.0panorama/bin/pegasus-transfer,pegasus-kickstart  -n pegasus::dirmanager -N null -i - -R local  -L L1-SINGLES_MINIFOLLOWUP_FULL_DATA_ALL-1186740100-3400 -T 2024-03-13T22:37:56+00:00 pegasus-transfer,0.3,0,0,,,,,,,,,
create_dir_H1-SINGLES_MINIFOLLOWUP_FULL_DATA_ALL-1186740100-3400.dax_0_condorpool_pegasus-plan_ID0000068,None,auxiliary,0,1716392316.0,,,1716392317.0,,,0.0,1716392320.0,1716392327.0,,,0.0,1716392327.0,1716392332.0,1.0,,3.0,7.0,5.0,,,,,poseidon,local,poseidon-submit,pegasus::dirmanager,/mnt/poseidon-data/poseidon/pegasus-5.1.0panorama/bin/pegasus-transfer,pegasus-kickstart  -n pegasus::dirmanager -N null -i - -R local  -L H1-SINGLES_MINIFOLLOWUP_FULL_DATA_ALL-1186740100-3400 -T 2024-03-13T22:37:56+00:00 pegasus-transfer,0.3,0,0,,,,,,,,,
noop_H1-SINGLES_MINIFOLLOWUP_FULL_DATA_NONCOINC-1186740100-3400.dax_0_pegasus-plan_ID0000066,None,compute,0,1716392316.0,,,1716392317.0,,,0.0,,1716392322.0,,,0.0,,,1.0,,,,,,,,,poseidon,local,poseidon-submit,pegasus::noop:1.0,/bin/true,,0.0,0,0,,,,,,,,,
create_dir_V1-SINGLES_MINIFOLLOWUP_FULL_DATA_ALL-1186740100-3400.dax_0_condorpool_pegasus-plan_ID0000076,None,auxiliary,0,1716392316.0,,,1716392317.0,,,0.0,1716392320.0,1716392327.0,,,0.0,1716392327.0,1716392332.0,1.0,,3.0,7.0,5.0,,,,,poseidon,local,poseidon-submit,pegasus::dirmanager,/mnt/poseidon-data/poseidon/pegasus-5.1.0panorama/bin/pegasus-transfer,pegasus-kickstart  -n pegasus::dirmanager -N null -i - -R local  -L V1-SINGLES_MINIFOLLOWUP_FULL_DATA_ALL-1186740100-3400 -T 2024-03-13T22:37:56+00:00 pegasus-transfer,0.3,0,0,,,,,,,,,
noop_V1-SINGLES_MINIFOLLOWUP_FULL_DATA_NONCOINC-1186740100-3400.dax_0_pegasus-plan_ID0000074,None,compute,0,1716392316.0,,,1716392317.0,,,0.0,,1716392322.0,,,0.0,,,1.0,,,,,,,,,poseidon,local,poseidon-submit,pegasus::noop:1.0,/bin/true,,0.0,0,0,,,,,,,,,
noop_L1-SINGLES_MINIFOLLOWUP_FULL_DATA_NONCOINC-1186740100-3400.dax_0_pegasus-plan_ID0000070,None,compute,0,1716392316.0,,,1716392317.0,,,0.0,,1716392322.0,,,0.0,,,1.0,,,,,,,,,poseidon,local,poseidon-submit,pegasus::noop:1.0,/bin/true,,0.0,0,0,,,,,,,,,
register_condorpool_5_0,None,auxiliary,0,1716392325.0,,,1716392330.0,,,0.0,1716392331.0,1716392335.0,,,0.0,1716392335.0,1716392340.0,5.0,,1.0,4.0,5.0,,,,,poseidon,local,poseidon-submit,pegasus::rc-client,/mnt/poseidon-data/poseidon/pegasus-5.1.0panorama/bin/pegasus-rc-client,"pegasus-kickstart  -n pegasus::rc-client -N null -R local  -L pycbc-search -T 2024-03-27T21:26:08+00:00 /home/poseidon/pegasus-5.1.0panorama/bin/pegasus-rc-client --prefix pegasus.catalog.replica.output --conf /mnt/poseidon-data/poseidon/workflows/pycbc/search/poseidon/submit/poseidon/pegasus/pycbc-search/run0377/pegasus.111206368763219812.properties -v --meta /mnt/poseidon-data/poseidon/workflows/pycbc/search/poseidon/submit/poseidon/pegasus/pycbc-search/run0377/00/00/fit_over_param_ID10_ID0000011.meta,/mnt/poseidon-data/poseidon/workflows/pycbc/search/poseidon/submit/poseidon/pegasus/pycbc-search/run0377/00/01/fit_over_param_ID10_ID0000013.meta,/mnt/poseidon-data/poseidon/workflows/pycbc/search/poseidon/submit/poseidon/pegasus/pycbc-search/run0377/00/01/fit_over_param_ID10_ID0000015.meta --insert /mnt/poseidon-data/poseidon/workflows/pycbc/search/poseidon/submit/poseidon/pegasus/pycbc-search/run0377/00/01/register_condorpool_5_0.in",3.2,0,0,,,,,,,,,
plot_waveform_ID5_ID0000006_pegasus-plan_ID0000068,cpu_2,compute,0,1716392332.0,,,1716392337.0,1716392347.0,1716392369.0,61281048.0,1716392346.0,1716392388.0,1716392379.0,1716392382.0,24780.0,1716392388.0,1716392393.0,5.0,,9.0,42.0,5.0,22.0,1379880960.0,3.0,68607.0,poseidon,condorpool,poseidon-worker-1-container-40-43,plot_waveform_ID5,/usr/local/bin/pycbc_plot_waveform,,3.9,0,0,,,,,,,,,
plot_trigger_timeseries_ID1_ID0000003_pegasus-plan_ID0000072,cpu_2,compute,0,1716392332.0,,,1716392337.0,1716392347.0,1716392369.0,85578256.2,1716392346.0,1716392388.0,1716392377.0,1716392380.0,14631.0,1716392388.0,1716392393.0,5.0,,9.0,42.0,5.0,22.0,1385731697.0,3.0,39834.0,poseidon,condorpool,poseidon-worker-1-container-32-35,plot_trigger_timeseries_ID1,/usr/local/bin/pycbc_plot_trigger_timeseries,,2.9,0,0,,,,,,,,,
page_snglinfo_ID0_ID0000001_pegasus-plan_ID0000072,cpu_2,compute,0,1716392332.0,,,1716392337.0,1716392346.0,1716392372.0,70036851.5,1716392346.0,1716392393.0,1716392380.0,1716392383.0,1368.0,1716392393.0,1716392398.0,5.0,,9.0,47.0,5.0,26.0,1385851527.0,3.0,3716.0,poseidon,condorpool,poseidon-worker-2-container-16-19,page_snglinfo_ID0,/usr/local/bin/pycbc_page_snglinfo,,2.7,0,0,,,,,,,,,
plot_waveform_ID5_ID0000006_pegasus-plan_ID0000072,None,compute,0,1716392332.0,,,1716392337.0,1716392347.0,1716392365.0,77166219.0,1716392346.0,1716392388.0,1716392375.0,1716392378.0,23692.0,1716392388.0,1716392393.0,5.0,,9.0,42.0,5.0,18.0,1379880960.0,3.0,65048.0,poseidon,condorpool,poseidon-worker-1-container-20-23,plot_waveform_ID5,/usr/local/bin/pycbc_plot_waveform,,4.3,0,0,,,,,,,,,
plot_qscan_ID7_ID0000008_pegasus-plan_ID0000072,None,compute,0,1716392332.0,,,1716392338.0,1716392347.0,1716392378.0,58448932.7,1716392346.0,1716392413.0,1716392401.0,1716392403.0,119474.0,1716392413.0,1716392418.0,6.0,,8.0,67.0,5.0,31.0,1488780210.0,2.0,336079.0,poseidon,condorpool,poseidon-worker-1-container-12-15,plot_qscan_ID7,/usr/local/bin/pycbc_plot_qscan,,17.1,0,0,0.0,688907054.0,63333.0,8122.0,40.0,12.4,2.4,22963568.5,3166.7
plot_singles_timefreq_ID6_ID0000007_pegasus-plan_ID0000072,None,compute,0,1716392332.0,,,1716392338.0,1716392346.0,1716392371.0,85108913.9,1716392346.0,1716392403.0,1716392393.0,1716392396.0,139579.0,1716392403.0,1716392408.0,6.0,,8.0,57.0,5.0,25.0,1494664137.0,3.0,384961.0,poseidon,condorpool,poseidon-worker-2-container-12-15,plot_singles_timefreq_ID6,/usr/local/bin/pycbc_plot_singles_timefreq,,17.4,0,0,0.0,691951278.0,63552.0,9110.0,45.0,12.3,2.6,23065042.6,3177.6
plot_waveform_ID5_ID0000006_pegasus-plan_ID0000076,cpu_2,compute,0,1716392332.0,,,1716392337.0,1716392340.0,1716392348.0,169215071.0,1716392338.0,1716392378.0,1716392364.0,1716392367.0,23719.0,1716392378.0,1716392383.0,5.0,,1.0,40.0,5.0,8.0,1379880960.0,3.0,68803.0,poseidon,condorpool,poseidon-worker-1-container-24-27,plot_waveform_ID5,/usr/local/bin/pycbc_plot_waveform,,4.1,0,0,0.1,27094050.0,63083.0,6991.0,34.0,1.1,1.1,2709405.0,6308.3
plot_singles_timefreq_ID6_ID0000007_pegasus-plan_ID0000068,cpu_2,compute,0,1716392332.0,,,1716392338.0,1716392347.0,1716392379.0,56765412.5,1716392346.0,1716392413.0,1716392402.0,1716392404.0,141779.0,1716392413.0,1716392418.0,6.0,,8.0,67.0,5.0,32.0,1491922922.0,2.0,389484.0,poseidon,condorpool,poseidon-worker-1-container-0-3,plot_singles_timefreq_ID6,/usr/local/bin/pycbc_plot_singles_timefreq,,16.7,0,0,0.1,673247595.0,63552.0,9108.0,45.0,12.5,2.3,22441586.5,3177.6
single_template_ID3_ID0000004_pegasus-plan_ID0000072,None,compute,0,1716392332.0,,,1716392337.0,1716392347.0,1716392381.0,51582959.9,1716392346.0,1716392428.0,1716392416.0,1716392418.0,3470690.0,1716392428.0,1716392433.0,5.0,,9.0,82.0,5.0,34.0,1488783581.0,2.0,9945232.0,poseidon,condorpool,poseidon-worker-1-container-16-19,single_template_ID3,/usr/local/bin/pycbc_single_template,,28.8,0,0,0.0,679538415.0,28470.0,4632.0,27.0,20.9,4.0,13590768.3,2847.0
plot_trigger_timeseries_ID1_ID0000002_pegasus-plan_ID0000068,None,compute,0,1716392332.0,,,1716392338.0,1716392347.0,1716392373.0,69523839.2,1716392346.0,1716392393.0,1716392381.0,1716392384.0,9578.0,1716392393.0,1716392398.0,6.0,,8.0,47.0,5.0,26.0,1386143004.0,3.0,28015.0,poseidon,condorpool,poseidon-worker-1-container-8-11,plot_trigger_timeseries_ID1,/usr/local/bin/pycbc_plot_trigger_timeseries,,3.1,0,0,,,,,,,,,
plot_qscan_ID7_ID0000008_pegasus-plan_ID0000068,None,compute,0,1716392332.0,,,1716392338.0,1716392346.0,1716392370.0,83289349.5,1716392346.0,1716392403.0,1716392393.0,1716392395.0,113547.0,1716392403.0,1716392408.0,6.0,,8.0,57.0,5.0,24.0,1485627688.0,2.0,312275.0,poseidon,condorpool,poseidon-worker-2-container-20-23,plot_qscan_ID7,/usr/local/bin/pycbc_plot_qscan,,17.0,0,0,0.0,669989186.0,63333.0,8116.0,40.0,12.4,2.5,22332972.9,3166.7
page_snglinfo_ID0_ID0000001_pegasus-plan_ID0000076,cpu_2,compute,0,1716392332.0,,,1716392337.0,1716392348.0,1716392368.0,125282963.5,1716392346.0,1716392388.0,1716392379.0,1716392381.0,1351.0,1716392388.0,1716392393.0,5.0,,9.0,42.0,5.0,20.0,1385437916.0,2.0,3716.0,poseidon,condorpool,poseidon-worker-1-container-24-27,page_snglinfo_ID0,/usr/local/bin/pycbc_page_snglinfo,,2.9,0,0,,,,,,,,,
plot_trigger_timeseries_ID1_ID0000003_pegasus-plan_ID0000076,cpu_2,compute,0,1716392332.0,,,1716392337.0,1716392347.0,1716392376.0,60774897.8,1716392346.0,1716392393.0,1716392385.0,1716392387.0,6817.0,1716392393.0,1716392398.0,5.0,,9.0,47.0,5.0,29.0,1385318086.0,2.0,18659.0,poseidon,condorpool,poseidon-worker-1-container-36-39,plot_trigger_timeseries_ID1,/usr/local/bin/pycbc_plot_trigger_timeseries,,2.8,0,0,,,,,,,,,
single_template_ID3_ID0000004_pegasus-plan_ID0000076,None,compute,0,1716392332.0,,,1716392337.0,1716392346.0,1716392365.0,126110659.3,1716392346.0,1716392413.0,1716392404.0,1716392407.0,3462858.0,1716392413.0,1716392418.0,5.0,,9.0,67.0,5.0,19.0,1509360080.0,3.0,9945232.0,poseidon,condorpool,poseidon-worker-2-container-40-43,single_template_ID3,/usr/local/bin/pycbc_single_template,,33.4,0,0,0.1,803035733.0,28470.0,4725.0,27.0,23.6,6.1,13383928.9,2847.0
plot_trigger_timeseries_ID1_ID0000002_pegasus-plan_ID0000076,cpu_2,compute,0,1716392332.0,,,1716392337.0,1716392347.0,1716392376.0,60192076.2,1716392346.0,1716392398.0,1716392385.0,1716392388.0,5489.0,1716392398.0,1716392403.0,5.0,,9.0,52.0,5.0,29.0,1385318086.0,3.0,14886.0,poseidon,condorpool,poseidon-worker-1-container-28-31,plot_trigger_timeseries_ID1,/usr/local/bin/pycbc_plot_trigger_timeseries,,2.8,0,0,,,,,,,,,
plot_qscan_ID7_ID0000008_pegasus-plan_ID0000076,cpu_2,compute,0,1716392332.0,,,1716392337.0,1716392346.0,1716392366.0,112025656.2,1716392346.0,1716392398.0,1716392390.0,1716392392.0,90140.0,1716392398.0,1716392403.0,5.0,,9.0,52.0,5.0,20.0,1509356709.0,2.0,248893.0,poseidon,condorpool,poseidon-worker-2-container-28-31,plot_qscan_ID7,/usr/local/bin/pycbc_plot_qscan,,18.1,0,0,0.1,812260533.0,63165.0,8032.0,36.0,12.8,2.1,27075351.1,3158.2
plot_singles_timefreq_ID6_ID0000007_pegasus-plan_ID0000076,cpu_2,compute,0,1716392332.0,,,1716392338.0,1716392346.0,1716392371.0,83600968.1,1716392346.0,1716392403.0,1716392394.0,1716392397.0,146060.0,1716392403.0,1716392408.0,6.0,,8.0,57.0,5.0,25.0,1514827025.0,3.0,403987.0,poseidon,condorpool,poseidon-worker-2-container-24-27,plot_singles_timefreq_ID6,/usr/local/bin/pycbc_plot_singles_timefreq,,18.7,0,0,0.0,812276829.0,63122.0,8035.0,35.0,12.8,2.1,27075894.3,6312.2
plot_trigger_timeseries_ID1_ID0000003_pegasus-plan_ID0000068,cpu_2,compute,0,1716392332.0,,,1716392337.0,1716392347.0,1716392372.0,73918059.1,1716392346.0,1716392398.0,1716392381.0,1716392384.0,8389.0,1716392398.0,1716392403.0,5.0,,9.0,52.0,5.0,25.0,1386143004.0,3.0,24637.0,poseidon,condorpool,poseidon-worker-1-container-44-47,plot_trigger_timeseries_ID1,/usr/local/bin/pycbc_plot_trigger_timeseries,,2.9,0,0,,,,,,,,,
page_snglinfo_ID0_ID0000001_pegasus-plan_ID0000068,cpu_2,compute,0,1716392332.0,,,1716392337.0,1716392346.0,1716392365.0,110672877.5,1716392346.0,1716392383.0,1716392373.0,1716392375.0,1370.0,1716392383.0,1716392388.0,5.0,,9.0,37.0,5.0,19.0,1386262834.0,2.0,3715.0,poseidon,condorpool,poseidon-worker-2-container-44-47,page_snglinfo_ID0,/usr/local/bin/pycbc_page_snglinfo,,2.7,0,0,,,,,,,,,
single_template_ID3_ID0000004_pegasus-plan_ID0000068,cpu_2,compute,0,1716392332.0,,,1716392337.0,1716392346.0,1716392366.0,111341648.7,1716392346.0,1716392413.0,1716392400.0,1716392403.0,3469989.0,1716392413.0,1716392418.0,5.0,,9.0,67.0,5.0,20.0,1485631059.0,3.0,9945232.0,poseidon,condorpool,poseidon-worker-2-container-36-39,single_template_ID3,/usr/local/bin/pycbc_single_template,,29.4,0,0,0.1,660621933.0,28470.0,4634.0,27.0,21.0,3.8,13212438.7,2847.0
plot_trigger_timeseries_ID1_ID0000002_pegasus-plan_ID0000072,cpu_2,compute,0,1716392332.0,,,1716392338.0,1716392346.0,1716392371.0,72040188.2,1716392346.0,1716392393.0,1716392380.0,1716392382.0,14055.0,1716392393.0,1716392398.0,6.0,,8.0,47.0,5.0,25.0,1385731697.0,2.0,38649.0,poseidon,condorpool,poseidon-worker-2-container-32-35,plot_trigger_timeseries_ID1,/usr/local/bin/pycbc_plot_trigger_timeseries,,2.9,0,0,,,,,,,,,
plot_throughput_ID63_ID0000175,cpu_2,compute,0,1716392345.0,,,1716392350.0,1716392365.0,1716392380.0,141337052.0,1716392364.0,1716392400.0,1716392390.0,1716392392.0,32333.0,1716392400.0,1716392405.0,5.0,,14.0,36.0,5.0,15.0,1384343586.0,2.0,88741.0,poseidon,condorpool,poseidon-worker-2-container-16-19,plot_throughput_ID63,/usr/local/bin/pycbc_plot_throughput,,3.5,0,0,,,,,,,,,
stage_out_local_condorpool_3_0,None,transfer,0,1716392345.0,,,1716392350.0,,,0.0,1716392353.0,1716392365.0,1716392353.0,1716392357.0,5469592.0,1716392365.0,1716392370.0,5.0,,3.0,12.0,5.0,,,4.0,22080465.0,poseidon,local,poseidon-submit,pegasus::transfer,/mnt/poseidon-data/poseidon/pegasus-5.1.0panorama/bin/pegasus-transfer,pegasus-kickstart  -n pegasus::transfer -N null -i - -R local  -L pycbc-search -T 2024-03-27T21:26:08+00:00 pegasus-transfer  --threads 2,1.0,0,0,,,,,,,,,
coinc_ID15_ID0000147,None,compute,0,1716392345.0,,,1716392350.0,1716392353.0,1716392377.0,79507255.9,1716392353.0,1716392405.0,1716392394.0,1716392396.0,21719.0,1716392405.0,1716392410.0,5.0,,3.0,52.0,5.0,24.0,1391827636.0,2.0,59750.0,poseidon,condorpool,poseidon-worker-1-container-20-23,coinc_ID15,/usr/local/bin/pycbc_coinc_findtrigs,,10.8,0,0,0.0,126928059.0,28374.0,30584.0,26.0,8.8,1.1,6346403.0,2837.4
sngls_ID23_ID0000155,cpu_2,compute,0,1716392345.0,,,1716392350.0,1716392365.0,1716392383.0,115658684.5,1716392364.0,1716392405.0,1716392394.0,1716392396.0,15034.0,1716392405.0,1716392410.0,5.0,,14.0,41.0,5.0,18.0,1390406548.0,2.0,41008.0,poseidon,condorpool,poseidon-worker-1-container-36-39,sngls_ID23,/usr/local/bin/pycbc_sngls_findtrigs,,5.3,0,0,0.0,69098668.0,28374.0,19330.0,26.0,4.0,1.0,6909866.8,2837.4
coinc_ID15_ID0000149,cpu_2,compute,0,1716392345.0,,,1716392350.0,1716392364.0,1716392381.0,124535793.4,1716392363.0,1716392415.0,1716392403.0,1716392406.0,19564.0,1716392415.0,1716392420.0,5.0,,13.0,52.0,5.0,17.0,1393274017.0,3.0,53581.0,poseidon,condorpool,poseidon-worker-1-container-32-35,coinc_ID15,/usr/local/bin/pycbc_coinc_findtrigs,,16.4,0,0,0.0,191930702.0,28374.0,44407.0,26.0,13.8,1.1,6397690.1,2837.4
coinc_ID15_ID0000145,cpu_2,compute,0,1716392345.0,,,1716392350.0,1716392364.0,1716392382.0,115026717.5,1716392363.0,1716392410.0,1716392399.0,1716392401.0,26475.0,1716392410.0,1716392415.0,5.0,,13.0,47.0,5.0,18.0,1391852929.0,2.0,72191.0,poseidon,condorpool,poseidon-worker-1-container-40-43,coinc_ID15,/usr/local/bin/pycbc_coinc_findtrigs,,10.7,0,0,0.1,128526980.0,28374.0,30710.0,26.0,8.8,1.0,6426349.0,2837.4
sngls_statmap_ID24_ID0000027,cpu_2,compute,0,1716392370.0,,,1716392375.0,1716392382.0,1716392398.0,140950680.6,1716392381.0,1716392415.0,1716392405.0,1716392408.0,63414.0,1716392415.0,1716392420.0,5.0,,6.0,34.0,5.0,16.0,1379912864.0,3.0,174184.0,poseidon,condorpool,poseidon-worker-2-container-44-47,sngls_statmap_ID24,/usr/local/bin/pycbc_sngls_statmap,,1.9,0,0,,,,,,,,,
sngls_statmap_ID24_ID0000029,cpu_2,compute,0,1716392370.0,,,1716392375.0,1716392379.0,1716392395.0,126884635.4,1716392376.0,1716392415.0,1716392403.0,1716392406.0,61948.0,1716392415.0,1716392420.0,5.0,,1.0,39.0,5.0,16.0,1379910816.0,3.0,170088.0,poseidon,condorpool,poseidon-worker-1-container-24-27,sngls_statmap_ID24,/usr/local/bin/pycbc_sngls_statmap,,2.0,0,0,,,,,,,,,
register_condorpool_3_0,None,auxiliary,0,1716392370.0,,,1716392375.0,,,0.0,1716392375.0,1716392380.0,,,0.0,1716392380.0,1716392385.0,5.0,,0.0,5.0,5.0,,,,,poseidon,local,poseidon-submit,pegasus::rc-client,/mnt/poseidon-data/poseidon/pegasus-5.1.0panorama/bin/pegasus-rc-client,"pegasus-kickstart  -n pegasus::rc-client -N null -R local  -L pycbc-search -T 2024-03-27T21:26:08+00:00 /home/poseidon/pegasus-5.1.0panorama/bin/pegasus-rc-client --prefix pegasus.catalog.replica.output --conf /mnt/poseidon-data/poseidon/workflows/pycbc/search/poseidon/submit/poseidon/pegasus/pycbc-search/run0377/pegasus.111206368763219812.properties -v --meta /mnt/poseidon-data/poseidon/workflows/pycbc/search/poseidon/submit/poseidon/pegasus/pycbc-search/run0377/00/00/hdf_trigger_merge_ID6_ID0000007.meta,/mnt/poseidon-data/poseidon/workflows/pycbc/search/poseidon/submit/poseidon/pegasus/pycbc-search/run0377/00/00/hdf_trigger_merge_ID6_ID0000140.meta,/mnt/poseidon-data/poseidon/workflows/pycbc/search/poseidon/submit/poseidon/pegasus/pycbc-search/run0377/00/00/optimal_snr_merge_ID127_ID0000136.meta,/mnt/poseidon-data/poseidon/workflows/pycbc/search/poseidon/submit/poseidon/pegasus/pycbc-search/run0377/00/00/hdf_trigger_merge_ID6_ID0000008.meta,/mnt/poseidon-data/poseidon/workflows/pycbc/search/poseidon/submit/poseidon/pegasus/pycbc-search/run0377/00/00/hdf_trigger_merge_ID6_ID0000009.meta,/mnt/poseidon-data/poseidon/workflows/pycbc/search/poseidon/submit/poseidon/pegasus/pycbc-search/run0377/00/00/hdf_trigger_merge_ID6_ID0000142.meta,/mnt/poseidon-data/poseidon/workflows/pycbc/search/poseidon/submit/poseidon/pegasus/pycbc-search/run0377/00/00/hdf_trigger_merge_ID6_ID0000141.meta --insert /mnt/poseidon-data/poseidon/workflows/pycbc/search/poseidon/submit/poseidon/pegasus/pycbc-search/run0377/00/00/register_condorpool_3_0.in",3.2,0,0,,,,,,,,,
sngls_statmap_ID24_ID0000025,cpu_2,compute,0,1716392370.0,,,1716392375.0,1716392377.0,1716392392.0,142070439.2,1716392376.0,1716392410.0,1716392399.0,1716392402.0,31532.0,1716392410.0,1716392415.0,5.0,,1.0,34.0,5.0,15.0,1379912864.0,3.0,86368.0,poseidon,condorpool,poseidon-worker-2-container-44-47,sngls_statmap_ID24,/usr/local/bin/pycbc_sngls_statmap,,1.9,0,0,,,,,,,,,
statmap_ID16_ID0000017,cpu_2,compute,0,1716392395.0,,,1716392400.0,1716392401.0,1716392417.0,146981738.0,1716392400.0,1716392445.0,1716392435.0,1716392438.0,3530629.0,1716392445.0,1716392450.0,5.0,,0.0,45.0,5.0,16.0,1427084198.0,3.0,10392861.0,poseidon,condorpool,poseidon-worker-2-container-28-31,statmap_ID16,/usr/local/bin/pycbc_coinc_statmap,,12.4,0,0,0.0,69854615.0,28374.0,11305.0,26.0,8.2,1.7,3492730.8,2837.4
statmap_ID16_ID0000021,None,compute,0,1716392400.0,,,1716392405.0,1716392406.0,1716392422.0,140390782.8,1716392406.0,1716392445.0,1716392436.0,1716392439.0,3648410.0,1716392445.0,1716392450.0,5.0,,1.0,39.0,5.0,16.0,1408813508.0,3.0,10468172.0,poseidon,condorpool,poseidon-worker-2-container-12-15,statmap_ID16,/usr/local/bin/pycbc_coinc_statmap,,8.7,0,0,0.0,51579295.0,28374.0,8161.0,26.0,3.5,1.3,5157929.5,2837.4
statmap_ID16_ID0000019,cpu_2,compute,0,1716392405.0,,,1716392410.0,1716392412.0,1716392427.0,147308905.6,1716392411.0,1716392455.0,1716392447.0,1716392450.0,3402290.0,1716392455.0,1716392460.0,5.0,,1.0,44.0,5.0,15.0,1431716337.0,3.0,10418185.0,poseidon,condorpool,poseidon-worker-2-container-44-47,statmap_ID16,/usr/local/bin/pycbc_coinc_statmap,,13.9,0,0,0.0,74486914.0,28374.0,11305.0,26.0,8.2,1.8,3724345.7,2837.4
stage_out_local_condorpool_4_0,None,transfer,0,1716392405.0,,,1716392410.0,,,0.0,1716392411.0,1716392425.0,1716392411.0,1716392415.0,65611.0,1716392425.0,1716392430.0,5.0,,1.0,14.0,5.0,,,4.0,264452.0,poseidon,local,poseidon-submit,pegasus::transfer,/mnt/poseidon-data/poseidon/pegasus-5.1.0panorama/bin/pegasus-transfer,pegasus-kickstart  -n pegasus::transfer -N null -i - -R local  -L pycbc-search -T 2024-03-27T21:26:08+00:00 pegasus-transfer  --threads 2,0.8,0,0,,,,,,,,,
stage_out_local_condorpool_0_0_pegasus-plan_ID0000076,None,transfer,0,1716392408.0,,,1716392413.0,,,0.0,1716392416.0,1716392428.0,1716392416.0,1716392420.0,188264.0,1716392428.0,1716392433.0,5.0,,3.0,12.0,5.0,,,4.0,758944.0,poseidon,local,poseidon-submit,pegasus::transfer,/mnt/poseidon-data/poseidon/pegasus-5.1.0panorama/bin/pegasus-transfer,/home/poseidon/pegasus-5.1.0panorama/bin/../bin/pegasus-kickstart  -n pegasus::transfer -N null -i - -R local  -L V1-SINGLES_MINIFOLLOWUP_FULL_DATA_ALL-1186740100-3400 -T 2024-03-13T22:37:56+00:00 /home/poseidon/pegasus-5.1.0panorama/bin/../bin/pegasus-transfer  --threads 2,0.8,0,0,,,,,,,,,
statmap_ID16_ID0000023,None,compute,0,1716392410.0,,,1716392415.0,1716392416.0,1716392432.0,134093026.4,1716392415.0,1716392450.0,1716392439.0,1716392442.0,548451.0,1716392450.0,1716392455.0,5.0,,0.0,35.0,5.0,16.0,1380623747.0,3.0,1527194.0,poseidon,condorpool,poseidon-worker-2-container-40-43,statmap_ID16,/usr/local/bin/pycbc_coinc_statmap,,2.3,0,0,,,,,,,,,
register_condorpool_6_1,None,auxiliary,0,1716392410.0,,,1716392415.0,,,0.0,1716392416.0,1716392420.0,,,0.0,1716392420.0,1716392425.0,5.0,,1.0,4.0,5.0,,,,,poseidon,local,poseidon-submit,pegasus::rc-client,/mnt/poseidon-data/poseidon/pegasus-5.1.0panorama/bin/pegasus-rc-client,"pegasus-kickstart  -n pegasus::rc-client -N null -R local  -L pycbc-search -T 2024-03-27T21:26:08+00:00 /home/poseidon/pegasus-5.1.0panorama/bin/pegasus-rc-client --prefix pegasus.catalog.replica.output --conf /mnt/poseidon-data/poseidon/workflows/pycbc/search/poseidon/submit/poseidon/pegasus/pycbc-search/run0377/pegasus.111206368763219812.properties -v --meta /mnt/poseidon-data/poseidon/workflows/pycbc/search/poseidon/submit/poseidon/pegasus/pycbc-search/run0377/00/01/sngls_ID23_ID0000151.meta,/mnt/poseidon-data/poseidon/workflows/pycbc/search/poseidon/submit/poseidon/pegasus/pycbc-search/run0377/00/01/coinc_ID15_ID0000147.meta,/mnt/poseidon-data/poseidon/workflows/pycbc/search/poseidon/submit/poseidon/pegasus/pycbc-search/run0377/00/01/coinc_ID15_ID0000020.meta,/mnt/poseidon-data/poseidon/workflows/pycbc/search/poseidon/submit/poseidon/pegasus/pycbc-search/run0377/00/01/coinc_ID15_ID0000143.meta,/mnt/poseidon-data/poseidon/workflows/pycbc/search/poseidon/submit/poseidon/pegasus/pycbc-search/run0377/00/01/coinc_ID15_ID0000018.meta,/mnt/poseidon-data/poseidon/workflows/pycbc/search/poseidon/submit/poseidon/pegasus/pycbc-search/run0377/00/01/sngls_ID23_ID0000155.meta,/mnt/poseidon-data/poseidon/workflows/pycbc/search/poseidon/submit/poseidon/pegasus/pycbc-search/run0377/00/01/sngls_ID23_ID0000026.meta --insert /mnt/poseidon-data/poseidon/workflows/pycbc/search/poseidon/submit/poseidon/pegasus/pycbc-search/run0377/00/01/register_condorpool_6_1.in",3.2,0,0,,,,,,,,,
stage_out_local_condorpool_0_0_pegasus-plan_ID0000068,None,transfer,0,1716392418.0,,,1716392423.0,,,0.0,1716392426.0,1716392438.0,1716392426.0,1716392430.0,204493.0,1716392438.0,1716392443.0,5.0,,3.0,12.0,5.0,,,4.0,826733.0,poseidon,local,poseidon-submit,pegasus::transfer,/mnt/poseidon-data/poseidon/pegasus-5.1.0panorama/bin/pegasus-transfer,/home/poseidon/pegasus-5.1.0panorama/bin/../bin/pegasus-kickstart  -n pegasus::transfer -N null -i - -R local  -L H1-SINGLES_MINIFOLLOWUP_FULL_DATA_ALL-1186740100-3400 -T 2024-03-13T22:37:56+00:00 /home/poseidon/pegasus-5.1.0panorama/bin/../bin/pegasus-transfer  --threads 2,0.8,0,0,,,,,,,,,
single_template_plot_ID4_ID0000005_pegasus-plan_ID0000068,cpu_2,compute,0,1716392418.0,,,1716392423.0,1716392424.0,1716392440.0,142336377.4,1716392423.0,1716392458.0,1716392448.0,1716392450.0,40268.0,1716392458.0,1716392463.0,5.0,,0.0,35.0,5.0,16.0,1389826192.0,2.0,110789.0,poseidon,condorpool,poseidon-worker-1-container-40-43,single_template_plot_ID4,/usr/local/bin/pycbc_single_template_plot,,2.7,0,0,,,,,,,,,
stage_out_local_condorpool_0_0_pegasus-plan_ID0000072,None,transfer,0,1716392418.0,,,1716392423.0,,,0.0,1716392426.0,1716392438.0,1716392426.0,1716392430.0,214907.0,1716392438.0,1716392443.0,5.0,,3.0,12.0,5.0,,,4.0,868287.0,poseidon,local,poseidon-submit,pegasus::transfer,/mnt/poseidon-data/poseidon/pegasus-5.1.0panorama/bin/pegasus-transfer,/home/poseidon/pegasus-5.1.0panorama/bin/../bin/pegasus-kickstart  -n pegasus::transfer -N null -i - -R local  -L L1-SINGLES_MINIFOLLOWUP_FULL_DATA_ALL-1186740100-3400 -T 2024-03-13T22:37:56+00:00 /home/poseidon/pegasus-5.1.0panorama/bin/../bin/pegasus-transfer  --threads 2,0.8,0,0,,,,,,,,,
single_template_plot_ID4_ID0000005_pegasus-plan_ID0000076,cpu_2,compute,0,1716392418.0,,,1716392423.0,1716392424.0,1716392440.0,136441348.1,1716392423.0,1716392458.0,1716392448.0,1716392451.0,48062.0,1716392458.0,1716392463.0,5.0,,0.0,35.0,5.0,16.0,1389826192.0,3.0,132875.0,poseidon,condorpool,poseidon-worker-1-container-24-27,single_template_plot_ID4,/usr/local/bin/pycbc_single_template_plot,,2.8,0,0,,,,,,,,,
register_condorpool_6_0,None,auxiliary,0,1716392420.0,,,1716392425.0,,,0.0,1716392426.0,1716392430.0,,,0.0,1716392430.0,1716392435.0,5.0,,1.0,4.0,5.0,,,,,poseidon,local,poseidon-submit,pegasus::rc-client,/mnt/poseidon-data/poseidon/pegasus-5.1.0panorama/bin/pegasus-rc-client,"pegasus-kickstart  -n pegasus::rc-client -N null -R local  -L pycbc-search -T 2024-03-27T21:26:08+00:00 /home/poseidon/pegasus-5.1.0panorama/bin/pegasus-rc-client --prefix pegasus.catalog.replica.output --conf /mnt/poseidon-data/poseidon/workflows/pycbc/search/poseidon/submit/poseidon/pegasus/pycbc-search/run0377/pegasus.111206368763219812.properties -v --meta /mnt/poseidon-data/poseidon/workflows/pycbc/search/poseidon/submit/poseidon/pegasus/pycbc-search/run0377/00/01/coinc_ID15_ID0000016.meta,/mnt/poseidon-data/poseidon/workflows/pycbc/search/poseidon/submit/poseidon/pegasus/pycbc-search/run0377/00/01/sngls_ID23_ID0000028.meta,/mnt/poseidon-data/poseidon/workflows/pycbc/search/poseidon/submit/poseidon/pegasus/pycbc-search/run0377/00/01/coinc_ID15_ID0000022.meta,/mnt/poseidon-data/poseidon/workflows/pycbc/search/poseidon/submit/poseidon/pegasus/pycbc-search/run0377/00/01/sngls_ID23_ID0000153.meta,/mnt/poseidon-data/poseidon/workflows/pycbc/search/poseidon/submit/poseidon/pegasus/pycbc-search/run0377/00/01/coinc_ID15_ID0000145.meta,/mnt/poseidon-data/poseidon/workflows/pycbc/search/poseidon/submit/poseidon/pegasus/pycbc-search/run0377/00/01/coinc_ID15_ID0000149.meta,/mnt/poseidon-data/poseidon/workflows/pycbc/search/poseidon/submit/poseidon/pegasus/pycbc-search/run0377/00/01/sngls_ID23_ID0000024.meta --insert /mnt/poseidon-data/poseidon/workflows/pycbc/search/poseidon/submit/poseidon/pegasus/pycbc-search/run0377/00/01/register_condorpool_6_0.in",3.2,0,0,,,,,,,,,
register_condorpool_4_0,None,auxiliary,0,1716392430.0,,,1716392435.0,,,0.0,1716392435.0,1716392440.0,,,0.0,1716392440.0,1716392445.0,5.0,,0.0,5.0,5.0,,,,,poseidon,local,poseidon-submit,pegasus::rc-client,/mnt/poseidon-data/poseidon/pegasus-5.1.0panorama/bin/pegasus-rc-client,"pegasus-kickstart  -n pegasus::rc-client -N null -R local  -L pycbc-search -T 2024-03-27T21:26:08+00:00 /home/poseidon/pegasus-5.1.0panorama/bin/pegasus-rc-client --prefix pegasus.catalog.replica.output --conf /mnt/poseidon-data/poseidon/workflows/pycbc/search/poseidon/submit/poseidon/pegasus/pycbc-search/run0377/pegasus.111206368763219812.properties -v --meta /mnt/poseidon-data/poseidon/workflows/pycbc/search/poseidon/submit/poseidon/pegasus/pycbc-search/run0377/00/00/fit_by_template_ID9_ID0000014.meta,/mnt/poseidon-data/poseidon/workflows/pycbc/search/poseidon/submit/poseidon/pegasus/pycbc-search/run0377/00/00/plot_throughput_ID63_ID0000064.meta,/mnt/poseidon-data/poseidon/workflows/pycbc/search/poseidon/submit/poseidon/pegasus/pycbc-search/run0377/00/00/plot_throughput_ID63_ID0000175.meta,/mnt/poseidon-data/poseidon/workflows/pycbc/search/poseidon/submit/poseidon/pegasus/pycbc-search/run0377/00/00/plot_gating_ID44_ID0000045.meta,/mnt/poseidon-data/poseidon/workflows/pycbc/search/poseidon/submit/poseidon/pegasus/pycbc-search/run0377/00/00/fit_by_template_ID9_ID0000012.meta,/mnt/poseidon-data/poseidon/workflows/pycbc/search/poseidon/submit/poseidon/pegasus/pycbc-search/run0377/00/00/fit_by_template_ID9_ID0000010.meta --insert /mnt/poseidon-data/poseidon/workflows/pycbc/search/poseidon/submit/poseidon/pegasus/pycbc-search/run0377/00/01/register_condorpool_4_0.in",3.2,0,0,,,,,,,,,
register_condorpool_0_0_pegasus-plan_ID0000076,None,auxiliary,0,1716392433.0,,,1716392438.0,,,0.0,1716392438.0,1716392443.0,,,0.0,1716392443.0,1716392448.0,5.0,,0.0,5.0,5.0,,,,,poseidon,local,poseidon-submit,pegasus::rc-client,/mnt/poseidon-data/poseidon/pegasus-5.1.0panorama/bin/pegasus-rc-client,"-n pegasus::rc-client -N null -R local  -L V1-SINGLES_MINIFOLLOWUP_FULL_DATA_ALL-1186740100-3400 -T 2024-03-13T22:37:56+00:00 /home/poseidon/pegasus-5.1.0panorama/bin/pegasus-rc-client --prefix pegasus.catalog.replica.output --conf /mnt/poseidon-data/poseidon/workflows/pycbc/search/poseidon/submit/poseidon/pegasus/pycbc-search/run0377/00/01/./V1-SINGLES_MINIFOLLOWUP_FULL_DATA_ALL-1186740100-3400.dax_ID0000076.000/pegasus.8201777898510494160.properties -v --meta /mnt/poseidon-data/poseidon/workflows/pycbc/search/poseidon/submit/poseidon/pegasus/pycbc-search/run0377/00/01/./V1-SINGLES_MINIFOLLOWUP_FULL_DATA_ALL-1186740100-3400.dax_ID0000076.000/00/00/plot_waveform_ID5_ID0000006.meta,/mnt/poseidon-data/poseidon/workflows/pycbc/search/poseidon/submit/poseidon/pegasus/pycbc-search/run0377/00/01/./V1-SINGLES_MINIFOLLOWUP_FULL_DATA_ALL-1186740100-3400.dax_ID0000076.000/00/00/plot_singles_timefreq_ID6_ID0000007.meta,/mnt/poseidon-data/poseidon/workflows/pycbc/search/poseidon/submit/poseidon/pegasus/pycbc-search/run0377/00/01/./V1-SINGLES_MINIFOLLOWUP_FULL_DATA_ALL-1186740100-3400.dax_ID0000076.000/00/00/page_snglinfo_ID0_ID0000001.meta,/mnt/poseidon-data/poseidon/workflows/pycbc/search/poseidon/submit/poseidon/pegasus/pycbc-search/run0377/00/01/./V1-SINGLES_MINIFOLLOWUP_FULL_DATA_ALL-1186740100-3400.dax_ID0000076.000/00/00/single_template_ID3_ID0000004.meta,/mnt/poseidon-data/poseidon/workflows/pycbc/search/poseidon/submit/poseidon/pegasus/pycbc-search/run0377/00/01/./V1-SINGLES_MINIFOLLOWUP_FULL_DATA_ALL-1186740100-3400.dax_ID0000076.000/00/00/plot_trigger_timeseries_ID1_ID0000003.meta,/mnt/poseidon-data/poseidon/workflows/pycbc/search/poseidon/submit/poseidon/pegasus/pycbc-search/run0377/00/01/./V1-SINGLES_MINIFOLLOWUP_FULL_DATA_ALL-1186740100-3400.dax_ID0000076.000/00/00/plot_trigger_timeseries_ID1_ID0000002.meta,/mnt/poseidon-data/poseidon/workflows/pycbc/search/poseidon/submit/poseidon/pegasus/pycbc-search/run0377/00/01/./V1-SINGLES_MINIFOLLOWUP_FULL_DATA_ALL-1186740100-3400.dax_ID0000076.000/00/00/plot_qscan_ID7_ID0000008.meta --insert /mnt/poseidon-data/poseidon/workflows/pycbc/search/poseidon/submit/poseidon/pegasus/pycbc-search/run0377/00/01/./V1-SINGLES_MINIFOLLOWUP_FULL_DATA_ALL-1186740100-3400.dax_ID0000076.000/00/00/register_condorpool_0_0.in",3.1,0,0,,,,,,,,,
single_template_plot_ID4_ID0000005_pegasus-plan_ID0000072,None,compute,0,1716392433.0,,,1716392438.0,1716392439.0,1716392455.0,134687685.4,1716392438.0,1716392473.0,1716392463.0,1716392466.0,44369.0,1716392473.0,1716392478.0,5.0,,0.0,35.0,5.0,16.0,1389826192.0,3.0,125382.0,poseidon,condorpool,poseidon-worker-1-container-16-19,single_template_plot_ID4,/usr/local/bin/pycbc_single_template_plot,,2.9,0,0,,,,,,,,,
register_condorpool_0_0_pegasus-plan_ID0000068,None,auxiliary,0,1716392443.0,,,1716392448.0,,,0.0,1716392450.0,1716392453.0,,,0.0,1716392453.0,1716392458.0,5.0,,2.0,3.0,5.0,,,,,poseidon,local,poseidon-submit,pegasus::rc-client,/mnt/poseidon-data/poseidon/pegasus-5.1.0panorama/bin/pegasus-rc-client,"-n pegasus::rc-client -N null -R local  -L H1-SINGLES_MINIFOLLOWUP_FULL_DATA_ALL-1186740100-3400 -T 2024-03-13T22:37:56+00:00 /home/poseidon/pegasus-5.1.0panorama/bin/pegasus-rc-client --prefix pegasus.catalog.replica.output --conf /mnt/poseidon-data/poseidon/workflows/pycbc/search/poseidon/submit/poseidon/pegasus/pycbc-search/run0377/00/01/./H1-SINGLES_MINIFOLLOWUP_FULL_DATA_ALL-1186740100-3400.dax_ID0000068.000/pegasus.11458762148201149740.properties -v --meta /mnt/poseidon-data/poseidon/workflows/pycbc/search/poseidon/submit/poseidon/pegasus/pycbc-search/run0377/00/01/./H1-SINGLES_MINIFOLLOWUP_FULL_DATA_ALL-1186740100-3400.dax_ID0000068.000/00/00/plot_qscan_ID7_ID0000008.meta,/mnt/poseidon-data/poseidon/workflows/pycbc/search/poseidon/submit/poseidon/pegasus/pycbc-search/run0377/00/01/./H1-SINGLES_MINIFOLLOWUP_FULL_DATA_ALL-1186740100-3400.dax_ID0000068.000/00/00/plot_waveform_ID5_ID0000006.meta,/mnt/poseidon-data/poseidon/workflows/pycbc/search/poseidon/submit/poseidon/pegasus/pycbc-search/run0377/00/01/./H1-SINGLES_MINIFOLLOWUP_FULL_DATA_ALL-1186740100-3400.dax_ID0000068.000/00/00/plot_singles_timefreq_ID6_ID0000007.meta,/mnt/poseidon-data/poseidon/workflows/pycbc/search/poseidon/submit/poseidon/pegasus/pycbc-search/run0377/00/01/./H1-SINGLES_MINIFOLLOWUP_FULL_DATA_ALL-1186740100-3400.dax_ID0000068.000/00/00/plot_trigger_timeseries_ID1_ID0000003.meta,/mnt/poseidon-data/poseidon/workflows/pycbc/search/poseidon/submit/poseidon/pegasus/pycbc-search/run0377/00/01/./H1-SINGLES_MINIFOLLOWUP_FULL_DATA_ALL-1186740100-3400.dax_ID0000068.000/00/00/page_snglinfo_ID0_ID0000001.meta,/mnt/poseidon-data/poseidon/workflows/pycbc/search/poseidon/submit/poseidon/pegasus/pycbc-search/run0377/00/01/./H1-SINGLES_MINIFOLLOWUP_FULL_DATA_ALL-1186740100-3400.dax_ID0000068.000/00/00/single_template_ID3_ID0000004.meta,/mnt/poseidon-data/poseidon/workflows/pycbc/search/poseidon/submit/poseidon/pegasus/pycbc-search/run0377/00/01/./H1-SINGLES_MINIFOLLOWUP_FULL_DATA_ALL-1186740100-3400.dax_ID0000068.000/00/00/plot_trigger_timeseries_ID1_ID0000002.meta --insert /mnt/poseidon-data/poseidon/workflows/pycbc/search/poseidon/submit/poseidon/pegasus/pycbc-search/run0377/00/01/./H1-SINGLES_MINIFOLLOWUP_FULL_DATA_ALL-1186740100-3400.dax_ID0000068.000/00/00/register_condorpool_0_0.in",3.3,0,0,,,,,,,,,
register_condorpool_0_0_pegasus-plan_ID0000072,None,auxiliary,0,1716392443.0,,,1716392448.0,,,0.0,1716392448.0,1716392453.0,,,0.0,1716392453.0,1716392458.0,5.0,,0.0,5.0,5.0,,,,,poseidon,local,poseidon-submit,pegasus::rc-client,/mnt/poseidon-data/poseidon/pegasus-5.1.0panorama/bin/pegasus-rc-client,"-n pegasus::rc-client -N null -R local  -L L1-SINGLES_MINIFOLLOWUP_FULL_DATA_ALL-1186740100-3400 -T 2024-03-13T22:37:56+00:00 /home/poseidon/pegasus-5.1.0panorama/bin/pegasus-rc-client --prefix pegasus.catalog.replica.output --conf /mnt/poseidon-data/poseidon/workflows/pycbc/search/poseidon/submit/poseidon/pegasus/pycbc-search/run0377/00/01/./L1-SINGLES_MINIFOLLOWUP_FULL_DATA_ALL-1186740100-3400.dax_ID0000072.000/pegasus.5886512874430249040.properties -v --meta /mnt/poseidon-data/poseidon/workflows/pycbc/search/poseidon/submit/poseidon/pegasus/pycbc-search/run0377/00/01/./L1-SINGLES_MINIFOLLOWUP_FULL_DATA_ALL-1186740100-3400.dax_ID0000072.000/00/00/plot_trigger_timeseries_ID1_ID0000003.meta,/mnt/poseidon-data/poseidon/workflows/pycbc/search/poseidon/submit/poseidon/pegasus/pycbc-search/run0377/00/01/./L1-SINGLES_MINIFOLLOWUP_FULL_DATA_ALL-1186740100-3400.dax_ID0000072.000/00/00/single_template_ID3_ID0000004.meta,/mnt/poseidon-data/poseidon/workflows/pycbc/search/poseidon/submit/poseidon/pegasus/pycbc-search/run0377/00/01/./L1-SINGLES_MINIFOLLOWUP_FULL_DATA_ALL-1186740100-3400.dax_ID0000072.000/00/00/plot_qscan_ID7_ID0000008.meta,/mnt/poseidon-data/poseidon/workflows/pycbc/search/poseidon/submit/poseidon/pegasus/pycbc-search/run0377/00/01/./L1-SINGLES_MINIFOLLOWUP_FULL_DATA_ALL-1186740100-3400.dax_ID0000072.000/00/00/plot_trigger_timeseries_ID1_ID0000002.meta,/mnt/poseidon-data/poseidon/workflows/pycbc/search/poseidon/submit/poseidon/pegasus/pycbc-search/run0377/00/01/./L1-SINGLES_MINIFOLLOWUP_FULL_DATA_ALL-1186740100-3400.dax_ID0000072.000/00/00/plot_singles_timefreq_ID6_ID0000007.meta,/mnt/poseidon-data/poseidon/workflows/pycbc/search/poseidon/submit/poseidon/pegasus/pycbc-search/run0377/00/01/./L1-SINGLES_MINIFOLLOWUP_FULL_DATA_ALL-1186740100-3400.dax_ID0000072.000/00/00/page_snglinfo_ID0_ID0000001.meta,/mnt/poseidon-data/poseidon/workflows/pycbc/search/poseidon/submit/poseidon/pegasus/pycbc-search/run0377/00/01/./L1-SINGLES_MINIFOLLOWUP_FULL_DATA_ALL-1186740100-3400.dax_ID0000072.000/00/00/plot_waveform_ID5_ID0000006.meta --insert /mnt/poseidon-data/poseidon/workflows/pycbc/search/poseidon/submit/poseidon/pegasus/pycbc-search/run0377/00/01/./L1-SINGLES_MINIFOLLOWUP_FULL_DATA_ALL-1186740100-3400.dax_ID0000072.000/00/00/register_condorpool_0_0.in",3.2,0,0,,,,,,,,,
exclude_zerolag_ID29_ID0000035,cpu_2,compute,0,1716392460.0,,,1716392465.0,1716392467.0,1716392489.0,90459154.5,1716392466.0,1716392505.0,1716392496.0,1716392499.0,26704.0,1716392505.0,1716392510.0,5.0,,1.0,39.0,5.0,22.0,1413118012.0,3.0,73336.0,poseidon,condorpool,poseidon-worker-2-container-28-31,exclude_zerolag_ID29,/usr/local/bin/pycbc_exclude_zerolag,,1.8,0,0,,,,,,,,,
exclude_zerolag_ID29_ID0000033,cpu_2,compute,0,1716392460.0,,,1716392465.0,1716392467.0,1716392485.0,120689593.0,1716392466.0,1716392505.0,1716392492.0,1716392495.0,1355905.0,1716392505.0,1716392510.0,5.0,,1.0,39.0,5.0,18.0,1413118012.0,3.0,3819264.0,poseidon,condorpool,poseidon-worker-2-container-44-47,exclude_zerolag_ID29,/usr/local/bin/pycbc_exclude_zerolag,,1.9,0,0,,,,,,,,,
stage_out_local_condorpool_7_0,None,transfer,0,1716392460.0,,,1716392465.0,,,0.0,1716392465.0,1716392475.0,1716392466.0,1716392470.0,8240243.0,1716392475.0,1716392480.0,5.0,,0.0,10.0,5.0,,,4.0,33237052.0,poseidon,local,poseidon-submit,pegasus::transfer,/mnt/poseidon-data/poseidon/pegasus-5.1.0panorama/bin/pegasus-transfer,pegasus-kickstart  -n pegasus::transfer -N null -i - -R local  -L pycbc-search -T 2024-03-27T21:26:08+00:00 pegasus-transfer  --threads 2,1.0,0,0,,,,,,,,,
exclude_zerolag_ID29_ID0000034,None,compute,0,1716392460.0,,,1716392465.0,1716392467.0,1716392483.0,124943500.2,1716392466.0,1716392500.0,1716392491.0,1716392494.0,12235.0,1716392500.0,1716392505.0,5.0,,1.0,34.0,5.0,16.0,1413118012.0,3.0,33528.0,poseidon,condorpool,poseidon-worker-2-container-40-43,exclude_zerolag_ID29,/usr/local/bin/pycbc_exclude_zerolag,,2.1,0,0,,,,,,,,,
exclude_zerolag_ID29_ID0000031,cpu_2,compute,0,1716392460.0,,,1716392465.0,1716392467.0,1716392484.0,118946270.8,1716392466.0,1716392505.0,1716392492.0,1716392495.0,9741250.0,1716392505.0,1716392510.0,5.0,,1.0,39.0,5.0,17.0,1413118012.0,3.0,29668880.0,poseidon,condorpool,poseidon-worker-1-container-24-27,exclude_zerolag_ID29,/usr/local/bin/pycbc_exclude_zerolag,,2.1,0,0,,,,,,,,,
exclude_zerolag_ID29_ID0000032,cpu_2,compute,0,1716392460.0,,,1716392465.0,1716392467.0,1716392483.0,137103523.3,1716392466.0,1716392500.0,1716392491.0,1716392494.0,9432317.0,1716392500.0,1716392505.0,5.0,,1.0,34.0,5.0,16.0,1413118012.0,3.0,29424000.0,poseidon,condorpool,poseidon-worker-1-container-40-43,exclude_zerolag_ID29,/usr/local/bin/pycbc_exclude_zerolag,,2.1,0,0,,,,,,,,,
exclude_zerolag_ID29_ID0000036,None,compute,0,1716392460.0,,,1716392465.0,1716392473.0,1716392490.0,133505412.6,1716392472.0,1716392510.0,1716392498.0,1716392500.0,23911.0,1716392510.0,1716392515.0,5.0,,7.0,38.0,5.0,17.0,1413118012.0,2.0,65592.0,poseidon,condorpool,poseidon-worker-1-container-16-19,exclude_zerolag_ID29,/usr/local/bin/pycbc_exclude_zerolag,,2.0,0,0,,,,,,,,,
exclude_zerolag_ID29_ID0000030,None,compute,0,1716392460.0,,,1716392465.0,1716392467.0,1716392484.0,135093753.0,1716392466.0,1716392505.0,1716392492.0,1716392495.0,9746513.0,1716392505.0,1716392510.0,5.0,,1.0,39.0,5.0,17.0,1413118012.0,3.0,29654144.0,poseidon,condorpool,poseidon-worker-2-container-12-15,exclude_zerolag_ID29,/usr/local/bin/pycbc_exclude_zerolag,,2.3,0,0,,,,,,,,,
stage_out_local_condorpool_1_0_pegasus-plan_ID0000076,None,transfer,0,1716392463.0,,,1716392468.0,,,0.0,1716392471.0,1716392483.0,1716392471.0,1716392473.0,62069.0,1716392483.0,1716392488.0,5.0,,3.0,12.0,5.0,,,2.0,132875.0,poseidon,local,poseidon-submit,pegasus::transfer,/mnt/poseidon-data/poseidon/pegasus-5.1.0panorama/bin/pegasus-transfer,/home/poseidon/pegasus-5.1.0panorama/bin/../bin/pegasus-kickstart  -n pegasus::transfer -N null -i - -R local  -L V1-SINGLES_MINIFOLLOWUP_FULL_DATA_ALL-1186740100-3400 -T 2024-03-13T22:37:56+00:00 /home/poseidon/pegasus-5.1.0panorama/bin/../bin/pegasus-transfer  --threads 2,0.4,0,0,,,,,,,,,
stage_out_local_condorpool_1_0_pegasus-plan_ID0000068,None,transfer,0,1716392463.0,,,1716392468.0,,,0.0,1716392471.0,1716392483.0,1716392471.0,1716392473.0,51885.0,1716392483.0,1716392488.0,5.0,,3.0,12.0,5.0,,,2.0,110789.0,poseidon,local,poseidon-submit,pegasus::transfer,/mnt/poseidon-data/poseidon/pegasus-5.1.0panorama/bin/pegasus-transfer,/home/poseidon/pegasus-5.1.0panorama/bin/../bin/pegasus-kickstart  -n pegasus::transfer -N null -i - -R local  -L H1-SINGLES_MINIFOLLOWUP_FULL_DATA_ALL-1186740100-3400 -T 2024-03-13T22:37:56+00:00 /home/poseidon/pegasus-5.1.0panorama/bin/../bin/pegasus-transfer  --threads 2,0.4,0,0,,,,,,,,,
stage_out_local_condorpool_1_0_pegasus-plan_ID0000072,None,transfer,0,1716392478.0,,,1716392483.0,,,0.0,1716392483.0,1716392493.0,1716392484.0,1716392486.0,58949.0,1716392493.0,1716392498.0,5.0,,0.0,10.0,5.0,,,2.0,125382.0,poseidon,local,poseidon-submit,pegasus::transfer,/mnt/poseidon-data/poseidon/pegasus-5.1.0panorama/bin/pegasus-transfer,/home/poseidon/pegasus-5.1.0panorama/bin/../bin/pegasus-kickstart  -n pegasus::transfer -N null -i - -R local  -L L1-SINGLES_MINIFOLLOWUP_FULL_DATA_ALL-1186740100-3400 -T 2024-03-13T22:37:56+00:00 /home/poseidon/pegasus-5.1.0panorama/bin/../bin/pegasus-transfer  --threads 2,0.4,0,0,,,,,,,,,
register_condorpool_7_0,None,auxiliary,0,1716392480.0,,,1716392485.0,,,0.0,1716392489.0,1716392495.0,,,0.0,1716392495.0,1716392500.0,5.0,,4.0,6.0,5.0,,,,,poseidon,local,poseidon-submit,pegasus::rc-client,/mnt/poseidon-data/poseidon/pegasus-5.1.0panorama/bin/pegasus-rc-client,"pegasus-kickstart  -n pegasus::rc-client -N null -R local  -L pycbc-search -T 2024-03-27T21:26:08+00:00 /home/poseidon/pegasus-5.1.0panorama/bin/pegasus-rc-client --prefix pegasus.catalog.replica.output --conf /mnt/poseidon-data/poseidon/workflows/pycbc/search/poseidon/submit/poseidon/pegasus/pycbc-search/run0377/pegasus.111206368763219812.properties -v --meta /mnt/poseidon-data/poseidon/workflows/pycbc/search/poseidon/submit/poseidon/pegasus/pycbc-search/run0377/00/01/statmap_ID16_ID0000017.meta,/mnt/poseidon-data/poseidon/workflows/pycbc/search/poseidon/submit/poseidon/pegasus/pycbc-search/run0377/00/01/sngls_statmap_ID24_ID0000027.meta,/mnt/poseidon-data/poseidon/workflows/pycbc/search/poseidon/submit/poseidon/pegasus/pycbc-search/run0377/00/01/statmap_ID16_ID0000023.meta,/mnt/poseidon-data/poseidon/workflows/pycbc/search/poseidon/submit/poseidon/pegasus/pycbc-search/run0377/00/01/statmap_ID16_ID0000021.meta,/mnt/poseidon-data/poseidon/workflows/pycbc/search/poseidon/submit/poseidon/pegasus/pycbc-search/run0377/00/01/sngls_statmap_ID24_ID0000029.meta,/mnt/poseidon-data/poseidon/workflows/pycbc/search/poseidon/submit/poseidon/pegasus/pycbc-search/run0377/00/01/sngls_statmap_ID24_ID0000025.meta,/mnt/poseidon-data/poseidon/workflows/pycbc/search/poseidon/submit/poseidon/pegasus/pycbc-search/run0377/00/01/statmap_ID16_ID0000019.meta --insert /mnt/poseidon-data/poseidon/workflows/pycbc/search/poseidon/submit/poseidon/pegasus/pycbc-search/run0377/00/01/register_condorpool_7_0.in",3.2,0,0,,,,,,,,,
register_condorpool_1_0_pegasus-plan_ID0000076,None,auxiliary,0,1716392488.0,,,1716392493.0,,,0.0,1716392493.0,1716392498.0,,,0.0,1716392498.0,1716392503.0,5.0,,0.0,5.0,5.0,,,,,poseidon,local,poseidon-submit,pegasus::rc-client,/mnt/poseidon-data/poseidon/pegasus-5.1.0panorama/bin/pegasus-rc-client,-n pegasus::rc-client -N null -R local  -L V1-SINGLES_MINIFOLLOWUP_FULL_DATA_ALL-1186740100-3400 -T 2024-03-13T22:37:56+00:00 /home/poseidon/pegasus-5.1.0panorama/bin/pegasus-rc-client --prefix pegasus.catalog.replica.output --conf /mnt/poseidon-data/poseidon/workflows/pycbc/search/poseidon/submit/poseidon/pegasus/pycbc-search/run0377/00/01/./V1-SINGLES_MINIFOLLOWUP_FULL_DATA_ALL-1186740100-3400.dax_ID0000076.000/pegasus.8201777898510494160.properties -v --meta /mnt/poseidon-data/poseidon/workflows/pycbc/search/poseidon/submit/poseidon/pegasus/pycbc-search/run0377/00/01/./V1-SINGLES_MINIFOLLOWUP_FULL_DATA_ALL-1186740100-3400.dax_ID0000076.000/00/00/single_template_plot_ID4_ID0000005.meta --insert /mnt/poseidon-data/poseidon/workflows/pycbc/search/poseidon/submit/poseidon/pegasus/pycbc-search/run0377/00/01/./V1-SINGLES_MINIFOLLOWUP_FULL_DATA_ALL-1186740100-3400.dax_ID0000076.000/00/00/register_condorpool_1_0.in,3.0,0,0,,,,,,,,,
register_condorpool_1_0_pegasus-plan_ID0000068,None,auxiliary,0,1716392488.0,,,1716392493.0,,,0.0,1716392493.0,1716392498.0,,,0.0,1716392498.0,1716392503.0,5.0,,0.0,5.0,5.0,,,,,poseidon,local,poseidon-submit,pegasus::rc-client,/mnt/poseidon-data/poseidon/pegasus-5.1.0panorama/bin/pegasus-rc-client,-n pegasus::rc-client -N null -R local  -L H1-SINGLES_MINIFOLLOWUP_FULL_DATA_ALL-1186740100-3400 -T 2024-03-13T22:37:56+00:00 /home/poseidon/pegasus-5.1.0panorama/bin/pegasus-rc-client --prefix pegasus.catalog.replica.output --conf /mnt/poseidon-data/poseidon/workflows/pycbc/search/poseidon/submit/poseidon/pegasus/pycbc-search/run0377/00/01/./H1-SINGLES_MINIFOLLOWUP_FULL_DATA_ALL-1186740100-3400.dax_ID0000068.000/pegasus.11458762148201149740.properties -v --meta /mnt/poseidon-data/poseidon/workflows/pycbc/search/poseidon/submit/poseidon/pegasus/pycbc-search/run0377/00/01/./H1-SINGLES_MINIFOLLOWUP_FULL_DATA_ALL-1186740100-3400.dax_ID0000068.000/00/00/single_template_plot_ID4_ID0000005.meta --insert /mnt/poseidon-data/poseidon/workflows/pycbc/search/poseidon/submit/poseidon/pegasus/pycbc-search/run0377/00/01/./H1-SINGLES_MINIFOLLOWUP_FULL_DATA_ALL-1186740100-3400.dax_ID0000068.000/00/00/register_condorpool_1_0.in,3.2,0,0,,,,,,,,,
register_condorpool_1_0_pegasus-plan_ID0000072,None,auxiliary,0,1716392498.0,,,1716392503.0,,,0.0,1716392503.0,1716392508.0,,,0.0,1716392508.0,1716392513.0,5.0,,0.0,5.0,5.0,,,,,poseidon,local,poseidon-submit,pegasus::rc-client,/mnt/poseidon-data/poseidon/pegasus-5.1.0panorama/bin/pegasus-rc-client,-n pegasus::rc-client -N null -R local  -L L1-SINGLES_MINIFOLLOWUP_FULL_DATA_ALL-1186740100-3400 -T 2024-03-13T22:37:56+00:00 /home/poseidon/pegasus-5.1.0panorama/bin/pegasus-rc-client --prefix pegasus.catalog.replica.output --conf /mnt/poseidon-data/poseidon/workflows/pycbc/search/poseidon/submit/poseidon/pegasus/pycbc-search/run0377/00/01/./L1-SINGLES_MINIFOLLOWUP_FULL_DATA_ALL-1186740100-3400.dax_ID0000072.000/pegasus.5886512874430249040.properties -v --meta /mnt/poseidon-data/poseidon/workflows/pycbc/search/poseidon/submit/poseidon/pegasus/pycbc-search/run0377/00/01/./L1-SINGLES_MINIFOLLOWUP_FULL_DATA_ALL-1186740100-3400.dax_ID0000072.000/00/00/single_template_plot_ID4_ID0000005.meta --insert /mnt/poseidon-data/poseidon/workflows/pycbc/search/poseidon/submit/poseidon/pegasus/pycbc-search/run0377/00/01/./L1-SINGLES_MINIFOLLOWUP_FULL_DATA_ALL-1186740100-3400.dax_ID0000072.000/00/00/register_condorpool_1_0.in,3.0,0,0,,,,,,,,,
page_ifar_ID80_ID0000104,None,compute,0,1716392505.0,,,1716392510.0,1716392527.0,1716392566.0,42301933.8,1716392526.0,1716392600.0,1716392576.0,1716392579.0,24621.0,1716392600.0,1716392605.0,5.0,,16.0,74.0,5.0,39.0,1409304960.0,3.0,68085.0,poseidon,condorpool,poseidon-worker-1-container-16-19,page_ifar_ID80,/usr/local/bin/pycbc_page_ifar,,3.8,0,0,,,,,,,,,
page_ifar_ID80_ID0000103,cpu_2,compute,0,1716392505.0,,,1716392510.0,1716392527.0,1716392570.0,38029699.1,1716392526.0,1716392600.0,1716392581.0,1716392584.0,21030.0,1716392600.0,1716392605.0,5.0,,16.0,74.0,5.0,43.0,1409304960.0,3.0,57692.0,poseidon,condorpool,poseidon-worker-1-container-24-27,page_ifar_ID80,/usr/local/bin/pycbc_page_ifar,,3.8,0,0,,,,,,,,,
plot_snrifar_ID76_ID0000100,cpu_2,compute,0,1716392505.0,,,1716392510.0,1716392527.0,1716392573.0,34897530.4,1716392525.0,1716392595.0,1716392585.0,1716392588.0,7771.0,1716392595.0,1716392600.0,5.0,,15.0,70.0,5.0,46.0,1409304960.0,3.0,22341.0,poseidon,condorpool,poseidon-worker-2-container-44-47,plot_snrifar_ID76,/usr/local/bin/pycbc_page_snrifar,,2.7,0,0,,,,,,,,,
statmap_inj_ID135_ID0000148,cpu_2,compute,0,1716392505.0,,,1716392510.0,1716392527.0,1716392570.0,37848376.3,1716392526.0,1716392595.0,1716392578.0,1716392581.0,7494.0,1716392595.0,1716392600.0,5.0,,16.0,69.0,5.0,43.0,1409364710.0,3.0,20648.0,poseidon,condorpool,poseidon-worker-1-container-36-39,statmap_inj_ID135,/usr/local/bin/pycbc_coinc_statmap_inj,,2.0,0,0,,,,,,,,,
page_foreground_ID71_ID0000105,None,compute,0,1716392505.0,,,1716392510.0,1716392527.0,1716392573.0,36188128.5,1716392526.0,1716392595.0,1716392585.0,1716392588.0,15820.0,1716392595.0,1716392600.0,5.0,,16.0,69.0,5.0,46.0,1426888057.0,3.0,46038.0,poseidon,condorpool,poseidon-worker-2-container-40-43,page_foreground_ID71,/usr/local/bin/pycbc_page_foreground,,2.9,0,0,,,,,,,,,
plot_snrifar_ID76_ID0000099,cpu_2,compute,0,1716392505.0,,,1716392510.0,1716392527.0,1716392570.0,38172280.9,1716392525.0,1716392600.0,1716392578.0,1716392581.0,11298.0,1716392600.0,1716392605.0,5.0,,15.0,75.0,5.0,43.0,1409304960.0,3.0,31976.0,poseidon,condorpool,poseidon-worker-1-container-40-43,plot_snrifar_ID76,/usr/local/bin/pycbc_page_snrifar,,2.8,0,0,,,,,,,,,
plot_snrifar_ID76_ID0000102,None,compute,0,1716392505.0,,,1716392510.0,1716392512.0,1716392531.0,109192781.8,1716392511.0,1716392550.0,1716392540.0,1716392543.0,13429.0,1716392550.0,1716392555.0,5.0,,1.0,39.0,5.0,19.0,1409304960.0,3.0,37944.0,poseidon,condorpool,poseidon-worker-1-container-16-19,plot_snrifar_ID76,/usr/local/bin/pycbc_page_snrifar,,3.2,0,0,,,,,,,,,
page_ifar_ID80_ID0000117,cpu_2,compute,0,1716392505.0,,,1716392510.0,1716392512.0,1716392527.0,141842441.6,1716392511.0,1716392545.0,1716392536.0,1716392539.0,14140.0,1716392545.0,1716392550.0,5.0,,1.0,34.0,5.0,15.0,1379914488.0,3.0,40447.0,poseidon,condorpool,poseidon-worker-2-container-28-31,page_ifar_ID80,/usr/local/bin/pycbc_page_ifar,,3.3,0,0,,,,,,,,,
plot_snrratehist_ID78_ID0000115,cpu_2,compute,0,1716392505.0,,,1716392510.0,1716392512.0,1716392528.0,133735098.8,1716392511.0,1716392550.0,1716392537.0,1716392539.0,9062.0,1716392550.0,1716392555.0,5.0,,1.0,39.0,5.0,16.0,1379914488.0,2.0,25995.0,poseidon,condorpool,poseidon-worker-1-container-40-43,plot_snrratehist_ID78,/usr/local/bin/pycbc_page_snrratehist,,2.9,0,0,,,,,,,,,
sngls_statmap_inj_ID143_ID0000152,None,compute,0,1716392505.0,,,1716392510.0,1716392527.0,1716392566.0,41121091.6,1716392526.0,1716392600.0,1716392574.0,1716392576.0,15933.0,1716392600.0,1716392605.0,5.0,,16.0,74.0,5.0,39.0,1379949892.0,2.0,44832.0,poseidon,condorpool,poseidon-worker-2-container-12-15,sngls_statmap_inj_ID143,/usr/local/bin/pycbc_sngls_statmap_inj,,2.0,0,0,,,,,,,,,
plot_snrifar_ID76_ID0000114,cpu_2,compute,0,1716392505.0,,,1716392510.0,1716392512.0,1716392528.0,133026775.6,1716392511.0,1716392545.0,1716392536.0,1716392539.0,7369.0,1716392545.0,1716392550.0,5.0,,1.0,34.0,5.0,16.0,1379914488.0,3.0,21571.0,poseidon,condorpool,poseidon-worker-1-container-24-27,plot_snrifar_ID76,/usr/local/bin/pycbc_page_snrifar,,2.5,0,0,,,,,,,,,
plot_snrifar_ID76_ID0000116,None,compute,0,1716392505.0,,,1716392510.0,1716392512.0,1716392527.0,139399408.7,1716392511.0,1716392545.0,1716392536.0,1716392539.0,10715.0,1716392545.0,1716392550.0,5.0,,1.0,34.0,5.0,15.0,1379914488.0,3.0,31057.0,poseidon,condorpool,poseidon-worker-2-container-40-43,plot_snrifar_ID76,/usr/local/bin/pycbc_page_snrifar,,3.3,0,0,,,,,,,,,
page_foreground_ID71_ID0000118,None,compute,0,1716392505.0,,,1716392510.0,1716392512.0,1716392529.0,127794260.0,1716392511.0,1716392550.0,1716392538.0,1716392541.0,6353.0,1716392550.0,1716392555.0,5.0,,1.0,39.0,5.0,17.0,1397497585.0,3.0,17903.0,poseidon,condorpool,poseidon-worker-2-container-12-15,page_foreground_ID71,/usr/local/bin/pycbc_page_foreground,,3.5,0,0,,,,,,,,,
plot_snrratehist_ID78_ID0000101,cpu_2,compute,0,1716392505.0,,,1716392510.0,1716392527.0,1716392565.0,43295253.9,1716392525.0,1716392600.0,1716392574.0,1716392576.0,12772.0,1716392600.0,1716392605.0,5.0,,15.0,75.0,5.0,38.0,1409304960.0,2.0,35246.0,poseidon,condorpool,poseidon-worker-2-container-28-31,plot_snrratehist_ID78,/usr/local/bin/pycbc_page_snrratehist,,2.7,0,0,,,,,,,,,
plot_snrifar_ID76_ID0000113,cpu_2,compute,0,1716392505.0,,,1716392510.0,1716392512.0,1716392528.0,133372161.4,1716392511.0,1716392545.0,1716392536.0,1716392539.0,10213.0,1716392545.0,1716392550.0,5.0,,1.0,34.0,5.0,16.0,1379914488.0,3.0,29660.0,poseidon,condorpool,poseidon-worker-2-container-44-47,plot_snrifar_ID76,/usr/local/bin/pycbc_page_snrifar,,2.8,0,0,,,,,,,,,
plot_snrifar_ID76_ID0000120,None,compute,0,1716392510.0,,,1716392515.0,1716392527.0,1716392574.0,32848979.6,1716392526.0,1716392595.0,1716392585.0,1716392588.0,7902.0,1716392595.0,1716392600.0,5.0,,11.0,69.0,5.0,47.0,1379954296.0,3.0,22737.0,poseidon,condorpool,poseidon-worker-2-container-0-3,plot_snrifar_ID76,/usr/local/bin/pycbc_page_snrifar,,2.7,0,0,,,,,,,,,
plot_snrratehist_ID78_ID0000121,cpu_2,compute,0,1716392510.0,,,1716392515.0,1716392527.0,1716392576.0,31810321.4,1716392526.0,1716392595.0,1716392585.0,1716392588.0,10862.0,1716392595.0,1716392600.0,5.0,,11.0,69.0,5.0,49.0,1379954296.0,3.0,31114.0,poseidon,condorpool,poseidon-worker-2-container-24-27,plot_snrratehist_ID78,/usr/local/bin/pycbc_page_snrratehist,,2.5,0,0,,,,,,,,,
page_ifar_ID80_ID0000123,None,compute,0,1716392510.0,,,1716392515.0,1716392527.0,1716392575.0,32659473.1,1716392526.0,1716392595.0,1716392585.0,1716392588.0,15065.0,1716392595.0,1716392600.0,5.0,,11.0,69.0,5.0,48.0,1379954296.0,3.0,43157.0,poseidon,condorpool,poseidon-worker-2-container-12-15,page_ifar_ID80,/usr/local/bin/pycbc_page_ifar,,3.0,0,0,,,,,,,,,
page_ifar_ID80_ID0000096,cpu_2,compute,0,1716392510.0,,,1716392515.0,1716392527.0,1716392569.0,39107804.0,1716392526.0,1716392590.0,1716392580.0,1716392583.0,21780.0,1716392590.0,1716392595.0,5.0,,11.0,64.0,5.0,42.0,1409549840.0,3.0,59500.0,poseidon,condorpool,poseidon-worker-2-container-16-19,page_ifar_ID80,/usr/local/bin/pycbc_page_ifar,,3.6,0,0,,,,,,,,,
page_ifar_ID80_ID0000097,cpu_2,compute,0,1716392510.0,,,1716392515.0,1716392527.0,1716392563.0,46719916.5,1716392526.0,1716392600.0,1716392573.0,1716392575.0,27028.0,1716392600.0,1716392605.0,5.0,,11.0,74.0,5.0,36.0,1409549840.0,2.0,74370.0,poseidon,condorpool,poseidon-worker-2-container-28-31,page_ifar_ID80,/usr/local/bin/pycbc_page_ifar,,3.7,0,0,,,,,,,,,
plot_snrratehist_ID78_ID0000094,cpu_2,compute,0,1716392510.0,,,1716392515.0,1716392527.0,1716392548.0,93847665.6,1716392526.0,1716392570.0,1716392560.0,1716392563.0,13486.0,1716392570.0,1716392575.0,5.0,,11.0,44.0,5.0,21.0,1409549840.0,3.0,38724.0,poseidon,condorpool,poseidon-worker-2-container-44-47,plot_snrratehist_ID78,/usr/local/bin/pycbc_page_snrratehist,,2.9,0,0,,,,,,,,,
plot_snrifar_ID76_ID0000095,None,compute,0,1716392510.0,,,1716392515.0,1716392527.0,1716392567.0,41242409.3,1716392526.0,1716392585.0,1716392577.0,1716392580.0,14702.0,1716392585.0,1716392590.0,5.0,,11.0,59.0,5.0,40.0,1409549840.0,3.0,40302.0,poseidon,condorpool,poseidon-worker-2-container-40-43,plot_snrifar_ID76,/usr/local/bin/pycbc_page_snrifar,,3.2,0,0,,,,,,,,,
plot_snrifar_ID76_ID0000092,cpu_2,compute,0,1716392510.0,,,1716392515.0,1716392527.0,1716392564.0,45978667.5,1716392526.0,1716392585.0,1716392573.0,1716392576.0,12764.0,1716392585.0,1716392590.0,5.0,,11.0,59.0,5.0,37.0,1409549840.0,3.0,35014.0,poseidon,condorpool,poseidon-worker-1-container-40-43,plot_snrifar_ID76,/usr/local/bin/pycbc_page_snrifar,,3.0,0,0,,,,,,,,,
page_foreground_ID71_ID0000098,cpu_2,compute,0,1716392510.0,,,1716392515.0,1716392527.0,1716392564.0,45797862.1,1716392526.0,1716392595.0,1716392572.0,1716392575.0,17338.0,1716392595.0,1716392600.0,5.0,,11.0,69.0,5.0,37.0,1427132937.0,3.0,47949.0,poseidon,condorpool,poseidon-worker-1-container-4-7,page_foreground_ID71,/usr/local/bin/pycbc_page_foreground,,2.9,0,0,,,,,,,,,
plot_snrifar_ID76_ID0000093,cpu_2,compute,0,1716392510.0,,,1716392515.0,1716392527.0,1716392573.0,34992752.8,1716392525.0,1716392595.0,1716392585.0,1716392588.0,7488.0,1716392595.0,1716392600.0,5.0,,10.0,70.0,5.0,46.0,1409549840.0,3.0,21428.0,poseidon,condorpool,poseidon-worker-2-container-8-11,plot_snrifar_ID76,/usr/local/bin/pycbc_page_snrifar,,2.7,0,0,,,,,,,,,
statmap_inj_ID135_ID0000146,cpu_2,compute,0,1716392510.0,,,1716392515.0,1716392527.0,1716392571.0,37200889.1,1716392526.0,1716392600.0,1716392579.0,1716392582.0,7507.0,1716392600.0,1716392605.0,5.0,,11.0,74.0,5.0,44.0,1409622031.0,3.0,20648.0,poseidon,condorpool,poseidon-worker-1-container-24-27,statmap_inj_ID135,/usr/local/bin/pycbc_coinc_statmap_inj,,2.1,0,0,,,,,,,,,
plot_snrratehist_ID78_ID0000108,cpu_2,compute,0,1716392510.0,,,1716392515.0,1716392527.0,1716392576.0,31819769.9,1716392526.0,1716392595.0,1716392585.0,1716392588.0,12532.0,1716392595.0,1716392600.0,5.0,,11.0,69.0,5.0,49.0,1383700224.0,3.0,35648.0,poseidon,condorpool,poseidon-worker-2-container-32-35,plot_snrratehist_ID78,/usr/local/bin/pycbc_page_snrratehist,,2.6,0,0,,,,,,,,,
plot_snrifar_ID76_ID0000107,cpu_2,compute,0,1716392510.0,,,1716392515.0,1716392527.0,1716392574.0,33471347.4,1716392526.0,1716392595.0,1716392585.0,1716392588.0,9504.0,1716392595.0,1716392600.0,5.0,,11.0,69.0,5.0,47.0,1383700224.0,3.0,27283.0,poseidon,condorpool,poseidon-worker-2-container-36-39,plot_snrifar_ID76,/usr/local/bin/pycbc_page_snrifar,,2.7,0,0,,,,,,,,,
plot_snrifar_ID76_ID0000122,cpu_2,compute,0,1716392510.0,,,1716392515.0,1716392527.0,1716392573.0,34472783.8,1716392526.0,1716392595.0,1716392583.0,1716392586.0,11647.0,1716392595.0,1716392600.0,5.0,,11.0,69.0,5.0,46.0,1379954296.0,3.0,31869.0,poseidon,condorpool,poseidon-worker-2-container-36-39,plot_snrifar_ID76,/usr/local/bin/pycbc_page_snrifar,,2.8,0,0,,,,,,,,,
statmap_inj_ID135_ID0000150,cpu_2,compute,0,1716392510.0,,,1716392515.0,1716392527.0,1716392573.0,34186506.6,1716392526.0,1716392595.0,1716392585.0,1716392588.0,7168.0,1716392595.0,1716392600.0,5.0,,11.0,69.0,5.0,46.0,1383753805.0,3.0,20464.0,poseidon,condorpool,poseidon-worker-2-container-8-11,statmap_inj_ID135,/usr/local/bin/pycbc_coinc_statmap_inj,,2.0,0,0,,,,,,,,,
page_ifar_ID80_ID0000110,cpu_2,compute,0,1716392510.0,,,1716392515.0,1716392527.0,1716392567.0,40857194.2,1716392526.0,1716392600.0,1716392576.0,1716392579.0,25477.0,1716392600.0,1716392605.0,5.0,,11.0,74.0,5.0,40.0,1383700224.0,3.0,70136.0,poseidon,condorpool,poseidon-worker-1-container-32-35,page_ifar_ID80,/usr/local/bin/pycbc_page_ifar,,3.7,0,0,,,,,,,,,
page_foreground_ID71_ID0000112,None,compute,0,1716392510.0,,,1716392515.0,1716392527.0,1716392573.0,34245707.4,1716392526.0,1716392595.0,1716392584.0,1716392587.0,2753.0,1716392595.0,1716392600.0,5.0,,11.0,69.0,5.0,46.0,1401283321.0,3.0,7891.0,poseidon,condorpool,poseidon-worker-1-container-20-23,page_foreground_ID71,/usr/local/bin/pycbc_page_foreground,,2.8,0,0,,,,,,,,,
plot_snrifar_ID76_ID0000106,cpu_2,compute,0,1716392510.0,,,1716392515.0,1716392527.0,1716392556.0,60080828.4,1716392525.0,1716392575.0,1716392564.0,1716392567.0,12764.0,1716392575.0,1716392580.0,5.0,,10.0,50.0,5.0,29.0,1383700224.0,3.0,35119.0,poseidon,condorpool,poseidon-worker-2-container-16-19,plot_snrifar_ID76,/usr/local/bin/pycbc_page_snrifar,,3.0,0,0,,,,,,,,,
statmap_inj_ID135_ID0000144,None,compute,0,1716392510.0,,,1716392515.0,1716392527.0,1716392569.0,38802009.9,1716392526.0,1716392590.0,1716392578.0,1716392581.0,7475.0,1716392590.0,1716392595.0,5.0,,11.0,64.0,5.0,42.0,1409594625.0,3.0,20648.0,poseidon,condorpool,poseidon-worker-2-container-4-7,statmap_inj_ID135,/usr/local/bin/pycbc_coinc_statmap_inj,,2.0,0,0,,,,,,,,,
page_ifar_ID80_ID0000090,None,compute,0,1716392510.0,,,1716392515.0,1716392527.0,1716392559.0,53841985.8,1716392526.0,1716392595.0,1716392569.0,1716392572.0,26684.0,1716392595.0,1716392600.0,5.0,,11.0,69.0,5.0,32.0,1409535104.0,3.0,73222.0,poseidon,condorpool,poseidon-worker-2-container-4-7,page_ifar_ID80,/usr/local/bin/pycbc_page_ifar,,3.9,0,0,,,,,,,,,
page_ifar_ID80_ID0000089,None,compute,0,1716392510.0,,,1716392515.0,1716392526.0,1716392558.0,56896848.4,1716392525.0,1716392580.0,1716392568.0,1716392570.0,20459.0,1716392580.0,1716392585.0,5.0,,10.0,55.0,5.0,32.0,1409535104.0,2.0,56188.0,poseidon,condorpool,poseidon-worker-2-container-0-3,page_ifar_ID80,/usr/local/bin/pycbc_page_ifar,,3.9,0,0,,,,,,,,,
plot_snrratehist_ID78_ID0000087,cpu_2,compute,0,1716392510.0,,,1716392515.0,1716392527.0,1716392567.0,41399686.8,1716392526.0,1716392585.0,1716392576.0,1716392579.0,13541.0,1716392585.0,1716392590.0,5.0,,11.0,59.0,5.0,40.0,1409535104.0,3.0,37112.0,poseidon,condorpool,poseidon-worker-1-container-0-3,plot_snrratehist_ID78,/usr/local/bin/pycbc_page_snrratehist,,2.8,0,0,,,,,,,,,
page_foreground_ID71_ID0000091,None,compute,0,1716392510.0,,,1716392515.0,1716392526.0,1716392556.0,62154696.0,1716392525.0,1716392575.0,1716392564.0,1716392567.0,17209.0,1716392575.0,1716392580.0,5.0,,10.0,50.0,5.0,30.0,1427118201.0,3.0,47799.0,poseidon,condorpool,poseidon-worker-2-container-20-23,page_foreground_ID71,/usr/local/bin/pycbc_page_foreground,,3.1,0,0,,,,,,,,,
plot_snrifar_ID76_ID0000085,None,compute,0,1716392510.0,,,1716392515.0,1716392527.0,1716392576.0,32752239.1,1716392526.0,1716392600.0,1716392589.0,1716392592.0,12321.0,1716392600.0,1716392605.0,5.0,,11.0,74.0,5.0,49.0,1409535104.0,3.0,35334.0,poseidon,condorpool,poseidon-worker-1-container-12-15,plot_snrifar_ID76,/usr/local/bin/pycbc_page_snrifar,,2.8,0,0,,,,,,,,,
plot_snrifar_ID76_ID0000086,None,compute,0,1716392510.0,,,1716392515.0,1716392527.0,1716392570.0,37932230.3,1716392526.0,1716392600.0,1716392579.0,1716392582.0,7970.0,1716392600.0,1716392605.0,5.0,,11.0,74.0,5.0,43.0,1409535104.0,3.0,22033.0,poseidon,condorpool,poseidon-worker-1-container-8-11,plot_snrifar_ID76,/usr/local/bin/pycbc_page_snrifar,,3.0,0,0,,,,,,,,,
plot_snrifar_ID76_ID0000088,cpu_2,compute,0,1716392510.0,,,1716392515.0,1716392527.0,1716392563.0,47039372.3,1716392526.0,1716392585.0,1716392571.0,1716392574.0,15016.0,1716392585.0,1716392590.0,5.0,,11.0,59.0,5.0,36.0,1409535104.0,3.0,40922.0,poseidon,condorpool,poseidon-worker-2-container-24-27,plot_snrifar_ID76,/usr/local/bin/pycbc_page_snrifar,,2.8,0,0,,,,,,,,,
page_ifar_ID80_ID0000111,cpu_2,compute,0,1716392510.0,,,1716392515.0,1716392527.0,1716392563.0,46346943.8,1716392526.0,1716392590.0,1716392572.0,1716392575.0,24736.0,1716392590.0,1716392595.0,5.0,,11.0,64.0,5.0,36.0,1383700224.0,3.0,68447.0,poseidon,condorpool,poseidon-worker-1-container-28-31,page_ifar_ID80,/usr/local/bin/pycbc_page_ifar,,3.8,0,0,,,,,,,,,
page_foreground_ID71_ID0000124,cpu_2,compute,0,1716392510.0,,,1716392515.0,1716392527.0,1716392573.0,34855365.0,1716392526.0,1716392595.0,1716392585.0,1716392588.0,8225.0,1716392595.0,1716392600.0,5.0,,11.0,69.0,5.0,46.0,1397537393.0,3.0,23423.0,poseidon,condorpool,poseidon-worker-2-container-32-35,page_foreground_ID71,/usr/local/bin/pycbc_page_foreground,,2.7,0,0,,,,,,,,,
plot_snrifar_ID76_ID0000109,cpu_2,compute,0,1716392510.0,,,1716392515.0,1716392527.0,1716392573.0,34117814.1,1716392526.0,1716392595.0,1716392584.0,1716392587.0,14247.0,1716392595.0,1716392600.0,5.0,,11.0,69.0,5.0,46.0,1383700224.0,3.0,41066.0,poseidon,condorpool,poseidon-worker-1-container-44-47,plot_snrifar_ID76,/usr/local/bin/pycbc_page_snrifar,,2.9,0,0,,,,,,,,,
plot_snrifar_ID76_ID0000119,None,compute,0,1716392510.0,,,1716392515.0,1716392527.0,1716392564.0,44477025.9,1716392526.0,1716392585.0,1716392572.0,1716392574.0,10887.0,1716392585.0,1716392590.0,5.0,,11.0,59.0,5.0,37.0,1379954296.0,2.0,29962.0,poseidon,condorpool,poseidon-worker-2-container-20-23,plot_snrifar_ID76,/usr/local/bin/pycbc_page_snrifar,,2.6,0,0,,,,,,,,,
sngls_statmap_inj_ID143_ID0000154,cpu_2,compute,0,1716392510.0,,,1716392515.0,1716392527.0,1716392552.0,71280865.5,1716392526.0,1716392570.0,1716392561.0,1716392563.0,16031.0,1716392570.0,1716392575.0,5.0,,11.0,44.0,5.0,25.0,1379988534.0,2.0,44832.0,poseidon,condorpool,poseidon-worker-1-container-36-39,sngls_statmap_inj_ID143,/usr/local/bin/pycbc_sngls_statmap_inj,,1.9,0,0,,,,,,,,,
page_ifar_ID80_ID0000129,None,compute,0,1716392515.0,,,1716392520.0,1716392527.0,1716392558.0,56013310.1,1716392526.0,1716392575.0,1716392566.0,1716392569.0,16062.0,1716392575.0,1716392580.0,5.0,,6.0,49.0,5.0,31.0,1379946552.0,3.0,43993.0,poseidon,condorpool,poseidon-worker-1-container-8-11,page_ifar_ID80,/usr/local/bin/pycbc_page_ifar,,3.1,0,0,,,,,,,,,
page_foreground_ID71_ID0000130,cpu_2,compute,0,1716392515.0,,,1716392520.0,1716392527.0,1716392572.0,36120384.4,1716392526.0,1716392595.0,1716392582.0,1716392585.0,6870.0,1716392595.0,1716392600.0,5.0,,6.0,69.0,5.0,45.0,1397529649.0,3.0,18842.0,poseidon,condorpool,poseidon-worker-1-container-44-47,page_foreground_ID71,/usr/local/bin/pycbc_page_foreground,,2.7,0,0,,,,,,,,,
stage_out_local_condorpool_8_0,None,transfer,0,1716392515.0,,,1716392520.0,,,0.0,1716392521.0,1716392535.0,1716392521.0,1716392525.0,22985585.0,1716392535.0,1716392540.0,5.0,,1.0,14.0,5.0,,,4.0,92738744.0,poseidon,local,poseidon-submit,pegasus::transfer,/mnt/poseidon-data/poseidon/pegasus-5.1.0panorama/bin/pegasus-transfer,pegasus-kickstart  -n pegasus::transfer -N null -i - -R local  -L pycbc-search -T 2024-03-27T21:26:08+00:00 pegasus-transfer  --threads 2,1.2,0,0,,,,,,,,,
plot_snrifar_ID76_ID0000126,cpu_2,compute,0,1716392515.0,,,1716392520.0,1716392527.0,1716392572.0,34673169.6,1716392526.0,1716392595.0,1716392582.0,1716392585.0,7913.0,1716392595.0,1716392600.0,5.0,,6.0,69.0,5.0,45.0,1379946552.0,3.0,21707.0,poseidon,condorpool,poseidon-worker-1-container-32-35,plot_snrifar_ID76,/usr/local/bin/pycbc_page_snrifar,,2.6,0,0,,,,,,,,,
plot_snrratehist_ID78_ID0000127,cpu_2,compute,0,1716392515.0,,,1716392520.0,1716392527.0,1716392574.0,33437922.8,1716392526.0,1716392595.0,1716392586.0,1716392589.0,10868.0,1716392595.0,1716392600.0,5.0,,6.0,69.0,5.0,47.0,1379946552.0,3.0,29991.0,poseidon,condorpool,poseidon-worker-1-container-28-31,plot_snrratehist_ID78,/usr/local/bin/pycbc_page_snrratehist,,2.6,0,0,,,,,,,,,
sngls_statmap_inj_ID143_ID0000156,None,compute,0,1716392515.0,,,1716392520.0,1716392527.0,1716392563.0,44767617.1,1716392526.0,1716392580.0,1716392571.0,1716392574.0,16192.0,1716392580.0,1716392585.0,5.0,,6.0,54.0,5.0,36.0,1379987560.0,3.0,44832.0,poseidon,condorpool,poseidon-worker-1-container-12-15,sngls_statmap_inj_ID143,/usr/local/bin/pycbc_sngls_statmap_inj,,2.0,0,0,,,,,,,,,
plot_snrifar_ID76_ID0000128,None,compute,0,1716392515.0,,,1716392520.0,1716392527.0,1716392566.0,41734877.5,1716392526.0,1716392600.0,1716392574.0,1716392577.0,11649.0,1716392600.0,1716392605.0,5.0,,6.0,74.0,5.0,39.0,1379946552.0,3.0,31952.0,poseidon,condorpool,poseidon-worker-1-container-16-19,plot_snrifar_ID76,/usr/local/bin/pycbc_page_snrifar,,2.9,0,0,,,,,,,,,
combine_statmap_ID36_ID0000037,cpu_2,compute,0,1716392515.0,,,1716392520.0,1716392527.0,1716392574.0,35441822.6,1716392526.0,1716392600.0,1716392586.0,1716392590.0,35757282.0,1716392600.0,1716392605.0,5.0,,6.0,74.0,5.0,47.0,1472619704.0,4.0,143517196.0,poseidon,condorpool,poseidon-worker-1-container-0-3,combine_statmap_ID36,/usr/local/bin/pycbc_add_statmap,,2.8,0,0,,,,,,,,,
plot_snrifar_ID76_ID0000125,None,compute,0,1716392515.0,,,1716392520.0,1716392527.0,1716392573.0,34438724.9,1716392526.0,1716392595.0,1716392584.0,1716392587.0,10746.0,1716392595.0,1716392600.0,5.0,,6.0,69.0,5.0,46.0,1379946552.0,3.0,30923.0,poseidon,condorpool,poseidon-worker-1-container-20-23,plot_snrifar_ID76,/usr/local/bin/pycbc_page_snrifar,,2.7,0,0,,,,,,,,,
register_condorpool_8_0,None,auxiliary,0,1716392540.0,,,1716392545.0,,,0.0,1716392545.0,1716392550.0,,,0.0,1716392550.0,1716392555.0,5.0,,0.0,5.0,5.0,,,,,poseidon,local,poseidon-submit,pegasus::rc-client,/mnt/poseidon-data/poseidon/pegasus-5.1.0panorama/bin/pegasus-rc-client,"pegasus-kickstart  -n pegasus::rc-client -N null -R local  -L pycbc-search -T 2024-03-27T21:26:08+00:00 /home/poseidon/pegasus-5.1.0panorama/bin/pegasus-rc-client --prefix pegasus.catalog.replica.output --conf /mnt/poseidon-data/poseidon/workflows/pycbc/search/poseidon/submit/poseidon/pegasus/pycbc-search/run0377/pegasus.111206368763219812.properties -v --meta /mnt/poseidon-data/poseidon/workflows/pycbc/search/poseidon/submit/poseidon/pegasus/pycbc-search/run0377/00/01/exclude_zerolag_ID29_ID0000032.meta,/mnt/poseidon-data/poseidon/workflows/pycbc/search/poseidon/submit/poseidon/pegasus/pycbc-search/run0377/00/01/exclude_zerolag_ID29_ID0000035.meta,/mnt/poseidon-data/poseidon/workflows/pycbc/search/poseidon/submit/poseidon/pegasus/pycbc-search/run0377/00/01/exclude_zerolag_ID29_ID0000030.meta,/mnt/poseidon-data/poseidon/workflows/pycbc/search/poseidon/submit/poseidon/pegasus/pycbc-search/run0377/00/01/exclude_zerolag_ID29_ID0000033.meta,/mnt/poseidon-data/poseidon/workflows/pycbc/search/poseidon/submit/poseidon/pegasus/pycbc-search/run0377/00/01/exclude_zerolag_ID29_ID0000036.meta,/mnt/poseidon-data/poseidon/workflows/pycbc/search/poseidon/submit/poseidon/pegasus/pycbc-search/run0377/00/01/exclude_zerolag_ID29_ID0000034.meta,/mnt/poseidon-data/poseidon/workflows/pycbc/search/poseidon/submit/poseidon/pegasus/pycbc-search/run0377/00/01/exclude_zerolag_ID29_ID0000031.meta --insert /mnt/poseidon-data/poseidon/workflows/pycbc/search/poseidon/submit/poseidon/pegasus/pycbc-search/run0377/00/01/register_condorpool_8_0.in",3.4,0,0,,,,,,,,,
stage_out_local_condorpool_9_2,None,transfer,0,1716392605.0,,,1716392610.0,,,0.0,1716392611.0,1716392625.0,1716392611.0,1716392615.0,74276.0,1716392625.0,1716392630.0,5.0,,1.0,14.0,5.0,,,4.0,299535.0,poseidon,local,poseidon-submit,pegasus::transfer,/mnt/poseidon-data/poseidon/pegasus-5.1.0panorama/bin/pegasus-transfer,pegasus-kickstart  -n pegasus::transfer -N null -i - -R local  -L pycbc-search -T 2024-03-27T21:26:08+00:00 pegasus-transfer  --threads 2,1.2,0,0,,,,,,,,,
page_foreground_ID71_ID0000079,None,compute,0,1716392605.0,,,1716392610.0,1716392612.0,1716392631.0,116635999.0,1716392611.0,1716392650.0,1716392639.0,1716392642.0,51210.0,1716392650.0,1716392655.0,5.0,,1.0,39.0,5.0,19.0,1540981253.0,3.0,140503.0,poseidon,condorpool,poseidon-worker-1-container-16-19,page_foreground_ID71,/usr/local/bin/pycbc_page_foreground,,2.9,0,0,,,,,,,,,
page_ifar_catalog_ID70_ID0000077,None,compute,0,1716392605.0,,,1716392610.0,1716392612.0,1716392631.0,118013539.3,1716392611.0,1716392655.0,1716392642.0,1716392645.0,9367.0,1716392655.0,1716392660.0,5.0,,1.0,44.0,5.0,19.0,1523398156.0,3.0,25487.0,poseidon,condorpool,poseidon-worker-2-container-40-43,page_ifar_catalog_ID70,/usr/local/bin/pycbc_ifar_catalog,,6.0,0,0,0.1,30514128.0,63083.0,7303.0,34.0,3.7,1.1,3051412.8,6308.3
foreground_censor_ID37_ID0000038,cpu_2,compute,0,1716392605.0,,,1716392610.0,1716392612.0,1716392636.0,83505845.6,1716392611.0,1716392655.0,1716392644.0,1716392646.0,1060.0,1716392655.0,1716392660.0,5.0,,1.0,44.0,5.0,24.0,1523401069.0,2.0,2876.0,poseidon,condorpool,poseidon-worker-1-container-24-27,foreground_censor_ID37,/usr/local/bin/pycbc_foreground_censor,,2.1,0,0,,,,,,,,,
combine_statmap_ID36_ID0000157,cpu_2,compute,0,1716392605.0,,,1716392610.0,1716392612.0,1716392629.0,135789074.7,1716392611.0,1716392645.0,1716392636.0,1716392639.0,23322.0,1716392645.0,1716392650.0,5.0,,1.0,34.0,5.0,17.0,1472836608.0,3.0,65680.0,poseidon,condorpool,poseidon-worker-2-container-16-19,combine_statmap_ID36,/usr/local/bin/pycbc_add_statmap,,2.2,0,0,,,,,,,,,
stage_out_local_condorpool_9_0,None,transfer,0,1716392605.0,,,1716392610.0,,,0.0,1716392611.0,1716392625.0,1716392611.0,1716392615.0,73878.0,1716392625.0,1716392630.0,5.0,,1.0,14.0,5.0,,,4.0,298114.0,poseidon,local,poseidon-submit,pegasus::transfer,/mnt/poseidon-data/poseidon/pegasus-5.1.0panorama/bin/pegasus-transfer,pegasus-kickstart  -n pegasus::transfer -N null -i - -R local  -L pycbc-search -T 2024-03-27T21:26:08+00:00 pegasus-transfer  --threads 2,1.1,0,0,,,,,,,,,
stage_out_local_condorpool_9_1,None,transfer,0,1716392605.0,,,1716392610.0,,,0.0,1716392611.0,1716392625.0,1716392611.0,1716392615.0,77733.0,1716392625.0,1716392630.0,5.0,,1.0,14.0,5.0,,,4.0,313831.0,poseidon,local,poseidon-submit,pegasus::transfer,/mnt/poseidon-data/poseidon/pegasus-5.1.0panorama/bin/pegasus-transfer,pegasus-kickstart  -n pegasus::transfer -N null -i - -R local  -L pycbc-search -T 2024-03-27T21:26:08+00:00 pegasus-transfer  --threads 2,1.1,0,0,,,,,,,,,
page_foreground_ID71_ID0000078,cpu_2,compute,0,1716392605.0,,,1716392610.0,1716392612.0,1716392629.0,138156836.2,1716392611.0,1716392650.0,1716392637.0,1716392640.0,18143.0,1716392650.0,1716392655.0,5.0,,1.0,39.0,5.0,17.0,1540981253.0,3.0,49890.0,poseidon,condorpool,poseidon-worker-2-container-44-47,page_foreground_ID71,/usr/local/bin/pycbc_page_foreground,,2.7,0,0,,,,,,,,,
stage_out_local_condorpool_9_4,None,transfer,0,1716392605.0,,,1716392610.0,,,0.0,1716392611.0,1716392625.0,1716392611.0,1716392615.0,35624928.0,1716392625.0,1716392630.0,5.0,,1.0,14.0,5.0,,,4.0,143832674.0,poseidon,local,poseidon-submit,pegasus::transfer,/mnt/poseidon-data/poseidon/pegasus-5.1.0panorama/bin/pegasus-transfer,pegasus-kickstart  -n pegasus::transfer -N null -i - -R local  -L pycbc-search -T 2024-03-27T21:26:08+00:00 pegasus-transfer  --threads 2,1.5,0,0,,,,,,,,,
stage_out_local_condorpool_9_5,None,transfer,0,1716392605.0,,,1716392610.0,,,0.0,1716392611.0,1716392625.0,1716392611.0,1716392615.0,102718.0,1716392625.0,1716392630.0,5.0,,1.0,14.0,5.0,,,4.0,414959.0,poseidon,local,poseidon-submit,pegasus::transfer,/mnt/poseidon-data/poseidon/pegasus-5.1.0panorama/bin/pegasus-transfer,pegasus-kickstart  -n pegasus::transfer -N null -i - -R local  -L pycbc-search -T 2024-03-27T21:26:08+00:00 pegasus-transfer  --threads 2,1.1,0,0,,,,,,,,,
pegasus-plan_ID0000084,None,subwf,0,1716392605.0,1716392605.0,1716392613.0,1716392615.0,,,0.0,1716392616.0,1716392825.0,,,0.0,,,0.0,8.0,1.0,209.0,,,,,,poseidon,local,poseidon-submit,condor::dagman,/usr/bin/condor_dagman,-p 0  -f -l . -Notification never -Debug 3 -Lockfile H1L1V1-FOREGROUND_MINIFOLLOWUP_FULL_DATA_BACKGROUND-1186740100-3400.dag.lock -Dag H1L1V1-FOREGROUND_MINIFOLLOWUP_FULL_DATA_BACKGROUND-1186740100-3400.dag -AllowVersionMismatch  -AutoRescue 1 -DoRescueFrom 0,0.0,0,0,,,,,,,,,
pegasus-plan_ID0000082,None,subwf,0,1716392605.0,1716392605.0,1716392614.0,1716392615.0,,,0.0,1716392616.0,1716392840.0,,,0.0,,,0.0,9.0,1.0,224.0,,,,,,poseidon,local,poseidon-submit,condor::dagman,/usr/bin/condor_dagman,-p 0  -f -l . -Notification never -Debug 3 -Lockfile H1L1V1-FOREGROUND_MINIFOLLOWUP_FULL_DATA_FOREGROUND-1186740100-3400.dag.lock -Dag H1L1V1-FOREGROUND_MINIFOLLOWUP_FULL_DATA_FOREGROUND-1186740100-3400.dag -AllowVersionMismatch  -AutoRescue 1 -DoRescueFrom 0,0.0,0,0,,,,,,,,,
page_foreground_ID71_ID0000080,None,compute,0,1716392605.0,,,1716392610.0,1716392612.0,1716392628.0,139781020.8,1716392611.0,1716392650.0,1716392637.0,1716392640.0,3427.0,1716392650.0,1716392655.0,5.0,,1.0,39.0,5.0,16.0,1540981253.0,3.0,9318.0,poseidon,condorpool,poseidon-worker-2-container-12-15,page_foreground_ID71,/usr/local/bin/pycbc_page_foreground,,2.9,0,0,,,,,,,,,
stage_out_local_condorpool_9_3,None,transfer,0,1716392605.0,,,1716392610.0,,,0.0,1716392611.0,1716392625.0,1716392611.0,1716392615.0,78309.0,1716392625.0,1716392630.0,5.0,,1.0,14.0,5.0,,,4.0,316099.0,poseidon,local,poseidon-submit,pegasus::transfer,/mnt/poseidon-data/poseidon/pegasus-5.1.0panorama/bin/pegasus-transfer,pegasus-kickstart  -n pegasus::transfer -N null -i - -R local  -L pycbc-search -T 2024-03-27T21:26:08+00:00 pegasus-transfer  --threads 2,1.1,0,0,,,,,,,,,
create_dir_H1L1V1-FOREGROUND_MINIFOLLOWUP_FULL_DATA_BACKGROUND-1186740100-3400.dax_0_condorpool_pegasus-plan_ID0000084,None,auxiliary,0,1716392616.0,,,1716392617.0,,,0.0,1716392620.0,1716392627.0,,,0.0,1716392627.0,1716392632.0,1.0,,3.0,7.0,5.0,,,,,poseidon,local,poseidon-submit,pegasus::dirmanager,/mnt/poseidon-data/poseidon/pegasus-5.1.0panorama/bin/pegasus-transfer,pegasus-kickstart  -n pegasus::dirmanager -N null -i - -R local  -L H1L1V1-FOREGROUND_MINIFOLLOWUP_FULL_DATA_BACKGROUND-1186740100-3400 -T 2024-03-13T22:37:56+00:00 pegasus-transfer,0.3,0,0,,,,,,,,,
create_dir_H1L1V1-FOREGROUND_MINIFOLLOWUP_FULL_DATA_FOREGROUND-1186740100-3400.dax_0_condorpool_pegasus-plan_ID0000082,None,auxiliary,0,1716392616.0,,,1716392617.0,,,0.0,1716392620.0,1716392627.0,,,0.0,1716392627.0,1716392632.0,1.0,,3.0,7.0,5.0,,,,,poseidon,local,poseidon-submit,pegasus::dirmanager,/mnt/poseidon-data/poseidon/pegasus-5.1.0panorama/bin/pegasus-transfer,pegasus-kickstart  -n pegasus::dirmanager -N null -i - -R local  -L H1L1V1-FOREGROUND_MINIFOLLOWUP_FULL_DATA_FOREGROUND-1186740100-3400 -T 2024-03-13T22:37:56+00:00 pegasus-transfer,0.3,0,0,,,,,,,,,
register_condorpool_9_4,None,auxiliary,0,1716392630.0,,,1716392645.0,,,0.0,1716392646.0,1716392650.0,,,0.0,1716392650.0,1716392655.0,15.0,,1.0,4.0,5.0,,,,,poseidon,local,poseidon-submit,pegasus::rc-client,/mnt/poseidon-data/poseidon/pegasus-5.1.0panorama/bin/pegasus-rc-client,"pegasus-kickstart  -n pegasus::rc-client -N null -R local  -L pycbc-search -T 2024-03-27T21:26:08+00:00 /home/poseidon/pegasus-5.1.0panorama/bin/pegasus-rc-client --prefix pegasus.catalog.replica.output --conf /mnt/poseidon-data/poseidon/workflows/pycbc/search/poseidon/submit/poseidon/pegasus/pycbc-search/run0377/pegasus.111206368763219812.properties -v --meta /mnt/poseidon-data/poseidon/workflows/pycbc/search/poseidon/submit/poseidon/pegasus/pycbc-search/run0377/00/02/page_ifar_ID80_ID0000104.meta,/mnt/poseidon-data/poseidon/workflows/pycbc/search/poseidon/submit/poseidon/pegasus/pycbc-search/run0377/00/02/plot_snrifar_ID76_ID0000122.meta,/mnt/poseidon-data/poseidon/workflows/pycbc/search/poseidon/submit/poseidon/pegasus/pycbc-search/run0377/00/02/plot_snrifar_ID76_ID0000092.meta,/mnt/poseidon-data/poseidon/workflows/pycbc/search/poseidon/submit/poseidon/pegasus/pycbc-search/run0377/00/02/combine_statmap_ID36_ID0000037.meta,/mnt/poseidon-data/poseidon/workflows/pycbc/search/poseidon/submit/poseidon/pegasus/pycbc-search/run0377/00/02/page_foreground_ID71_ID0000118.meta,/mnt/poseidon-data/poseidon/workflows/pycbc/search/poseidon/submit/poseidon/pegasus/pycbc-search/run0377/00/01/plot_snrifar_ID76_ID0000086.meta,/mnt/poseidon-data/poseidon/workflows/pycbc/search/poseidon/submit/poseidon/pegasus/pycbc-search/run0377/00/02/plot_snrratehist_ID78_ID0000127.meta,/mnt/poseidon-data/poseidon/workflows/pycbc/search/poseidon/submit/poseidon/pegasus/pycbc-search/run0377/00/02/page_ifar_ID80_ID0000110.meta,/mnt/poseidon-data/poseidon/workflows/pycbc/search/poseidon/submit/poseidon/pegasus/pycbc-search/run0377/00/02/page_ifar_ID80_ID0000117.meta --insert /mnt/poseidon-data/poseidon/workflows/pycbc/search/poseidon/submit/poseidon/pegasus/pycbc-search/run0377/00/03/register_condorpool_9_4.in",3.3,0,0,,,,,,,,,
register_condorpool_9_0,None,auxiliary,0,1716392630.0,,,1716392655.0,,,0.0,1716392655.0,1716392660.0,,,0.0,1716392660.0,1716392665.0,25.0,,0.0,5.0,5.0,,,,,poseidon,local,poseidon-submit,pegasus::rc-client,/mnt/poseidon-data/poseidon/pegasus-5.1.0panorama/bin/pegasus-rc-client,"pegasus-kickstart  -n pegasus::rc-client -N null -R local  -L pycbc-search -T 2024-03-27T21:26:08+00:00 /home/poseidon/pegasus-5.1.0panorama/bin/pegasus-rc-client --prefix pegasus.catalog.replica.output --conf /mnt/poseidon-data/poseidon/workflows/pycbc/search/poseidon/submit/poseidon/pegasus/pycbc-search/run0377/pegasus.111206368763219812.properties -v --meta /mnt/poseidon-data/poseidon/workflows/pycbc/search/poseidon/submit/poseidon/pegasus/pycbc-search/run0377/00/01/page_foreground_ID71_ID0000091.meta,/mnt/poseidon-data/poseidon/workflows/pycbc/search/poseidon/submit/poseidon/pegasus/pycbc-search/run0377/00/02/statmap_inj_ID135_ID0000146.meta,/mnt/poseidon-data/poseidon/workflows/pycbc/search/poseidon/submit/poseidon/pegasus/pycbc-search/run0377/00/02/statmap_inj_ID135_ID0000148.meta,/mnt/poseidon-data/poseidon/workflows/pycbc/search/poseidon/submit/poseidon/pegasus/pycbc-search/run0377/00/02/plot_snrifar_ID76_ID0000109.meta,/mnt/poseidon-data/poseidon/workflows/pycbc/search/poseidon/submit/poseidon/pegasus/pycbc-search/run0377/00/02/plot_snrratehist_ID78_ID0000121.meta,/mnt/poseidon-data/poseidon/workflows/pycbc/search/poseidon/submit/poseidon/pegasus/pycbc-search/run0377/00/02/sngls_statmap_inj_ID143_ID0000156.meta,/mnt/poseidon-data/poseidon/workflows/pycbc/search/poseidon/submit/poseidon/pegasus/pycbc-search/run0377/00/02/plot_snrifar_ID76_ID0000095.meta,/mnt/poseidon-data/poseidon/workflows/pycbc/search/poseidon/submit/poseidon/pegasus/pycbc-search/run0377/00/02/statmap_inj_ID135_ID0000144.meta,/mnt/poseidon-data/poseidon/workflows/pycbc/search/poseidon/submit/poseidon/pegasus/pycbc-search/run0377/00/02/plot_snrifar_ID76_ID0000116.meta --insert /mnt/poseidon-data/poseidon/workflows/pycbc/search/poseidon/submit/poseidon/pegasus/pycbc-search/run0377/00/03/register_condorpool_9_0.in",3.1,0,0,,,,,,,,,
register_condorpool_9_1,None,auxiliary,0,1716392630.0,,,1716392665.0,,,0.0,1716392665.0,1716392670.0,,,0.0,1716392670.0,1716392675.0,35.0,,0.0,5.0,5.0,,,,,poseidon,local,poseidon-submit,pegasus::rc-client,/mnt/poseidon-data/poseidon/pegasus-5.1.0panorama/bin/pegasus-rc-client,"pegasus-kickstart  -n pegasus::rc-client -N null -R local  -L pycbc-search -T 2024-03-27T21:26:08+00:00 /home/poseidon/pegasus-5.1.0panorama/bin/pegasus-rc-client --prefix pegasus.catalog.replica.output --conf /mnt/poseidon-data/poseidon/workflows/pycbc/search/poseidon/submit/poseidon/pegasus/pycbc-search/run0377/pegasus.111206368763219812.properties -v --meta /mnt/poseidon-data/poseidon/workflows/pycbc/search/poseidon/submit/poseidon/pegasus/pycbc-search/run0377/00/02/statmap_inj_ID135_ID0000150.meta,/mnt/poseidon-data/poseidon/workflows/pycbc/search/poseidon/submit/poseidon/pegasus/pycbc-search/run0377/00/02/plot_snrifar_ID76_ID0000102.meta,/mnt/poseidon-data/poseidon/workflows/pycbc/search/poseidon/submit/poseidon/pegasus/pycbc-search/run0377/00/01/plot_snrifar_ID76_ID0000088.meta,/mnt/poseidon-data/poseidon/workflows/pycbc/search/poseidon/submit/poseidon/pegasus/pycbc-search/run0377/00/02/page_ifar_ID80_ID0000097.meta,/mnt/poseidon-data/poseidon/workflows/pycbc/search/poseidon/submit/poseidon/pegasus/pycbc-search/run0377/00/02/plot_snrifar_ID76_ID0000125.meta,/mnt/poseidon-data/poseidon/workflows/pycbc/search/poseidon/submit/poseidon/pegasus/pycbc-search/run0377/00/02/plot_snrifar_ID76_ID0000085.meta,/mnt/poseidon-data/poseidon/workflows/pycbc/search/poseidon/submit/poseidon/pegasus/pycbc-search/run0377/00/02/plot_snrifar_ID76_ID0000119.meta,/mnt/poseidon-data/poseidon/workflows/pycbc/search/poseidon/submit/poseidon/pegasus/pycbc-search/run0377/00/02/plot_snrifar_ID76_ID0000114.meta,/mnt/poseidon-data/poseidon/workflows/pycbc/search/poseidon/submit/poseidon/pegasus/pycbc-search/run0377/00/02/plot_snrifar_ID76_ID0000100.meta --insert /mnt/poseidon-data/poseidon/workflows/pycbc/search/poseidon/submit/poseidon/pegasus/pycbc-search/run0377/00/03/register_condorpool_9_1.in",3.3,0,0,,,,,,,,,
register_condorpool_9_2,None,auxiliary,0,1716392630.0,,,1716392695.0,,,0.0,1716392695.0,1716392700.0,,,0.0,1716392700.0,1716392705.0,65.0,,0.0,5.0,5.0,,,,,poseidon,local,poseidon-submit,pegasus::rc-client,/mnt/poseidon-data/poseidon/pegasus-5.1.0panorama/bin/pegasus-rc-client,"pegasus-kickstart  -n pegasus::rc-client -N null -R local  -L pycbc-search -T 2024-03-27T21:26:08+00:00 /home/poseidon/pegasus-5.1.0panorama/bin/pegasus-rc-client --prefix pegasus.catalog.replica.output --conf /mnt/poseidon-data/poseidon/workflows/pycbc/search/poseidon/submit/poseidon/pegasus/pycbc-search/run0377/pegasus.111206368763219812.properties -v --meta /mnt/poseidon-data/poseidon/workflows/pycbc/search/poseidon/submit/poseidon/pegasus/pycbc-search/run0377/00/02/plot_snrifar_ID76_ID0000106.meta,/mnt/poseidon-data/poseidon/workflows/pycbc/search/poseidon/submit/poseidon/pegasus/pycbc-search/run0377/00/02/plot_snrifar_ID76_ID0000099.meta,/mnt/poseidon-data/poseidon/workflows/pycbc/search/poseidon/submit/poseidon/pegasus/pycbc-search/run0377/00/02/sngls_statmap_inj_ID143_ID0000154.meta,/mnt/poseidon-data/poseidon/workflows/pycbc/search/poseidon/submit/poseidon/pegasus/pycbc-search/run0377/00/02/plot_snrifar_ID76_ID0000126.meta,/mnt/poseidon-data/poseidon/workflows/pycbc/search/poseidon/submit/poseidon/pegasus/pycbc-search/run0377/00/02/sngls_statmap_inj_ID143_ID0000152.meta,/mnt/poseidon-data/poseidon/workflows/pycbc/search/poseidon/submit/poseidon/pegasus/pycbc-search/run0377/00/02/plot_snrifar_ID76_ID0000107.meta,/mnt/poseidon-data/poseidon/workflows/pycbc/search/poseidon/submit/poseidon/pegasus/pycbc-search/run0377/00/02/plot_snrratehist_ID78_ID0000101.meta,/mnt/poseidon-data/poseidon/workflows/pycbc/search/poseidon/submit/poseidon/pegasus/pycbc-search/run0377/00/01/plot_snrratehist_ID78_ID0000087.meta,/mnt/poseidon-data/poseidon/workflows/pycbc/search/poseidon/submit/poseidon/pegasus/pycbc-search/run0377/00/02/plot_snrifar_ID76_ID0000093.meta --insert /mnt/poseidon-data/poseidon/workflows/pycbc/search/poseidon/submit/poseidon/pegasus/pycbc-search/run0377/00/03/register_condorpool_9_2.in",3.3,0,0,,,,,,,,,
register_condorpool_9_3,None,auxiliary,0,1716392630.0,,,1716392675.0,,,0.0,1716392675.0,1716392680.0,,,0.0,1716392680.0,1716392685.0,45.0,,0.0,5.0,5.0,,,,,poseidon,local,poseidon-submit,pegasus::rc-client,/mnt/poseidon-data/poseidon/pegasus-5.1.0panorama/bin/pegasus-rc-client,"pegasus-kickstart  -n pegasus::rc-client -N null -R local  -L pycbc-search -T 2024-03-27T21:26:08+00:00 /home/poseidon/pegasus-5.1.0panorama/bin/pegasus-rc-client --prefix pegasus.catalog.replica.output --conf /mnt/poseidon-data/poseidon/workflows/pycbc/search/poseidon/submit/poseidon/pegasus/pycbc-search/run0377/pegasus.111206368763219812.properties -v --meta /mnt/poseidon-data/poseidon/workflows/pycbc/search/poseidon/submit/poseidon/pegasus/pycbc-search/run0377/00/02/plot_snrratehist_ID78_ID0000115.meta,/mnt/poseidon-data/poseidon/workflows/pycbc/search/poseidon/submit/poseidon/pegasus/pycbc-search/run0377/00/02/page_foreground_ID71_ID0000098.meta,/mnt/poseidon-data/poseidon/workflows/pycbc/search/poseidon/submit/poseidon/pegasus/pycbc-search/run0377/00/01/page_ifar_ID80_ID0000089.meta,/mnt/poseidon-data/poseidon/workflows/pycbc/search/poseidon/submit/poseidon/pegasus/pycbc-search/run0377/00/02/page_ifar_ID80_ID0000123.meta,/mnt/poseidon-data/poseidon/workflows/pycbc/search/poseidon/submit/poseidon/pegasus/pycbc-search/run0377/00/02/plot_snrifar_ID76_ID0000120.meta,/mnt/poseidon-data/poseidon/workflows/pycbc/search/poseidon/submit/poseidon/pegasus/pycbc-search/run0377/00/02/page_foreground_ID71_ID0000112.meta,/mnt/poseidon-data/poseidon/workflows/pycbc/search/poseidon/submit/poseidon/pegasus/pycbc-search/run0377/00/02/page_ifar_ID80_ID0000103.meta,/mnt/poseidon-data/poseidon/workflows/pycbc/search/poseidon/submit/poseidon/pegasus/pycbc-search/run0377/00/02/plot_snrratehist_ID78_ID0000108.meta,/mnt/poseidon-data/poseidon/workflows/pycbc/search/poseidon/submit/poseidon/pegasus/pycbc-search/run0377/00/02/page_foreground_ID71_ID0000130.meta --insert /mnt/poseidon-data/poseidon/workflows/pycbc/search/poseidon/submit/poseidon/pegasus/pycbc-search/run0377/00/03/register_condorpool_9_3.in",3.2,0,0,,,,,,,,,
register_condorpool_9_5,None,auxiliary,0,1716392630.0,,,1716392635.0,,,0.0,1716392635.0,1716392640.0,,,0.0,1716392640.0,1716392645.0,5.0,,0.0,5.0,5.0,,,,,poseidon,local,poseidon-submit,pegasus::rc-client,/mnt/poseidon-data/poseidon/pegasus-5.1.0panorama/bin/pegasus-rc-client,"pegasus-kickstart  -n pegasus::rc-client -N null -R local  -L pycbc-search -T 2024-03-27T21:26:08+00:00 /home/poseidon/pegasus-5.1.0panorama/bin/pegasus-rc-client --prefix pegasus.catalog.replica.output --conf /mnt/poseidon-data/poseidon/workflows/pycbc/search/poseidon/submit/poseidon/pegasus/pycbc-search/run0377/pegasus.111206368763219812.properties -v --meta /mnt/poseidon-data/poseidon/workflows/pycbc/search/poseidon/submit/poseidon/pegasus/pycbc-search/run0377/00/02/plot_snrifar_ID76_ID0000113.meta,/mnt/poseidon-data/poseidon/workflows/pycbc/search/poseidon/submit/poseidon/pegasus/pycbc-search/run0377/00/02/page_ifar_ID80_ID0000111.meta,/mnt/poseidon-data/poseidon/workflows/pycbc/search/poseidon/submit/poseidon/pegasus/pycbc-search/run0377/00/02/plot_snrratehist_ID78_ID0000094.meta,/mnt/poseidon-data/poseidon/workflows/pycbc/search/poseidon/submit/poseidon/pegasus/pycbc-search/run0377/00/02/page_foreground_ID71_ID0000124.meta,/mnt/poseidon-data/poseidon/workflows/pycbc/search/poseidon/submit/poseidon/pegasus/pycbc-search/run0377/00/02/plot_snrifar_ID76_ID0000128.meta,/mnt/poseidon-data/poseidon/workflows/pycbc/search/poseidon/submit/poseidon/pegasus/pycbc-search/run0377/00/02/page_foreground_ID71_ID0000105.meta,/mnt/poseidon-data/poseidon/workflows/pycbc/search/poseidon/submit/poseidon/pegasus/pycbc-search/run0377/00/02/page_ifar_ID80_ID0000096.meta,/mnt/poseidon-data/poseidon/workflows/pycbc/search/poseidon/submit/poseidon/pegasus/pycbc-search/run0377/00/02/page_ifar_ID80_ID0000090.meta,/mnt/poseidon-data/poseidon/workflows/pycbc/search/poseidon/submit/poseidon/pegasus/pycbc-search/run0377/00/02/page_ifar_ID80_ID0000129.meta --insert /mnt/poseidon-data/poseidon/workflows/pycbc/search/poseidon/submit/poseidon/pegasus/pycbc-search/run0377/00/03/register_condorpool_9_5.in",3.2,0,0,,,,,,,,,
plot_singles_timefreq_ID9_ID0000012_pegasus-plan_ID0000084,cpu_2,compute,0,1716392632.0,,,1716392637.0,1716392647.0,1716392672.0,77995345.6,1716392646.0,1716392707.0,1716392697.0,1716392700.0,141984.0,1716392707.0,1716392712.0,5.0,,9.0,61.0,5.0,25.0,1494664137.0,3.0,389861.0,poseidon,condorpool,poseidon-worker-1-container-24-27,plot_singles_timefreq_ID9,/usr/local/bin/pycbc_plot_singles_timefreq,,17.3,0,0,0.0,691886940.0,63552.0,9059.0,45.0,12.1,2.3,23062898.0,3177.6
plot_qscan_ID10_ID0000015_pegasus-plan_ID0000082,cpu_2,compute,0,1716392632.0,,,1716392637.0,1716392647.0,1716392671.0,80881831.2,1716392646.0,1716392707.0,1716392698.0,1716392701.0,117145.0,1716392707.0,1716392712.0,5.0,,9.0,61.0,5.0,24.0,1509356709.0,3.0,324497.0,poseidon,condorpool,poseidon-worker-2-container-16-19,plot_qscan_ID10,/usr/local/bin/pycbc_plot_qscan,,18.9,0,0,0.1,812397667.0,63333.0,8202.0,40.0,14.4,2.9,20309941.7,3166.7
plot_qscan_ID10_ID0000013_pegasus-plan_ID0000082,cpu_2,compute,0,1716392632.0,,,1716392637.0,1716392647.0,1716392677.0,60987933.2,1716392646.0,1716392707.0,1716392698.0,1716392701.0,101195.0,1716392707.0,1716392712.0,5.0,,9.0,61.0,5.0,30.0,1488780210.0,3.0,279242.0,poseidon,condorpool,poseidon-worker-2-container-44-47,plot_qscan_ID10,/usr/local/bin/pycbc_plot_qscan,,16.3,0,0,0.1,688930690.0,63333.0,8178.0,40.0,12.7,2.2,22964356.3,3166.7
plot_singles_timefreq_ID9_ID0000014_pegasus-plan_ID0000082,None,compute,0,1716392632.0,,,1716392637.0,1716392647.0,1716392666.0,117059193.3,1716392646.0,1716392702.0,1716392690.0,1716392693.0,139492.0,1716392702.0,1716392707.0,5.0,,9.0,56.0,5.0,19.0,1514827025.0,3.0,395733.0,poseidon,condorpool,poseidon-worker-1-container-16-19,plot_singles_timefreq_ID9,/usr/local/bin/pycbc_plot_singles_timefreq,,18.5,0,0,0.1,812376606.0,63205.0,8158.0,37.0,12.6,2.2,27079220.2,3160.2
single_template_ID3_ID0000008_pegasus-plan_ID0000082,cpu_2,compute,0,1716392632.0,,,1716392637.0,1716392647.0,1716392677.0,61951740.4,1716392646.0,1716392727.0,1716392716.0,1716392719.0,3457725.0,1716392727.0,1716392732.0,5.0,,9.0,81.0,5.0,30.0,1509360080.0,3.0,9945232.0,poseidon,condorpool,poseidon-worker-1-container-36-39,single_template_ID3,/usr/local/bin/pycbc_single_template,,33.4,0,0,0.0,803000179.0,28470.0,4649.0,27.0,23.8,5.8,13383336.3,2847.0
plot_singles_timefreq_ID9_ID0000010_pegasus-plan_ID0000082,None,compute,0,1716392632.0,,,1716392637.0,1716392647.0,1716392678.0,60152895.7,1716392646.0,1716392712.0,1716392701.0,1716392703.0,140585.0,1716392712.0,1716392717.0,5.0,,9.0,66.0,5.0,31.0,1491922922.0,2.0,389491.0,poseidon,condorpool,poseidon-worker-1-container-20-23,plot_singles_timefreq_ID9,/usr/local/bin/pycbc_plot_singles_timefreq,,17.3,0,0,0.1,673249318.0,63552.0,9105.0,45.0,12.4,2.4,22441643.9,3177.6
single_template_ID3_ID0000006_pegasus-plan_ID0000082,cpu_2,compute,0,1716392632.0,,,1716392637.0,1716392647.0,1716392665.0,129479329.9,1716392646.0,1716392712.0,1716392700.0,1716392703.0,3451666.0,1716392712.0,1716392717.0,5.0,,9.0,66.0,5.0,18.0,1488783581.0,3.0,9945232.0,poseidon,condorpool,poseidon-worker-1-container-28-31,single_template_ID3,/usr/local/bin/pycbc_single_template,,30.1,0,0,0.0,679543897.0,9957318.0,4652.0,47.0,25.5,4.3,11325731.6,497865.9
plot_qscan_ID10_ID0000015_pegasus-plan_ID0000084,cpu_2,compute,0,1716392632.0,,,1716392637.0,1716392646.0,1716392668.0,94595387.1,1716392645.0,1716392707.0,1716392694.0,1716392696.0,91450.0,1716392707.0,1716392712.0,5.0,,8.0,62.0,5.0,22.0,1509356709.0,2.0,270000.0,poseidon,condorpool,poseidon-worker-2-container-16-19,plot_qscan_ID10,/usr/local/bin/pycbc_plot_qscan,,18.5,0,0,0.1,812284701.0,63122.0,8085.0,35.0,12.0,2.3,27076156.7,6312.2
plot_trigger_timeseries_ID1_ID0000003_pegasus-plan_ID0000082,cpu_2,compute,0,1716392632.0,,,1716392637.0,1716392647.0,1716392674.0,64509391.8,1716392646.0,1716392692.0,1716392683.0,1716392685.0,12403.0,1716392692.0,1716392697.0,5.0,,9.0,46.0,5.0,27.0,1397430867.0,2.0,33693.0,poseidon,condorpool,poseidon-worker-2-container-28-31,plot_trigger_timeseries_ID1,/usr/local/bin/pycbc_plot_trigger_timeseries,,2.9,0,0,,,,,,,,,
plot_singles_timefreq_ID9_ID0000012_pegasus-plan_ID0000082,None,compute,0,1716392632.0,,,1716392637.0,1716392647.0,1716392674.0,70342873.1,1716392646.0,1716392707.0,1716392696.0,1716392699.0,141568.0,1716392707.0,1716392712.0,5.0,,9.0,61.0,5.0,27.0,1494664137.0,3.0,393435.0,poseidon,condorpool,poseidon-worker-2-container-40-43,plot_singles_timefreq_ID9,/usr/local/bin/pycbc_plot_singles_timefreq,,17.1,0,0,0.1,691961819.0,63552.0,9130.0,45.0,12.5,2.3,23065394.0,3177.6
plot_singles_timefreq_ID9_ID0000014_pegasus-plan_ID0000084,cpu_2,compute,0,1716392632.0,,,1716392637.0,1716392647.0,1716392667.0,103756537.4,1716392646.0,1716392702.0,1716392692.0,1716392695.0,141418.0,1716392702.0,1716392707.0,5.0,,9.0,56.0,5.0,20.0,1514827025.0,3.0,398454.0,poseidon,condorpool,poseidon-worker-1-container-40-43,plot_singles_timefreq_ID9,/usr/local/bin/pycbc_plot_singles_timefreq,,18.9,0,0,0.0,812277097.0,63122.0,8035.0,35.0,12.7,2.2,27075903.2,6312.2
plot_trigger_timeseries_ID1_ID0000002_pegasus-plan_ID0000082,None,compute,0,1716392632.0,,,1716392637.0,1716392647.0,1716392678.0,56707710.3,1716392646.0,1716392697.0,1716392686.0,1716392689.0,14097.0,1716392697.0,1716392702.0,5.0,,9.0,51.0,5.0,31.0,1397430867.0,3.0,39521.0,poseidon,condorpool,poseidon-worker-1-container-8-11,plot_trigger_timeseries_ID1,/usr/local/bin/pycbc_plot_trigger_timeseries,,3.4,0,0,,,,,,,,,
plot_qscan_ID10_ID0000013_pegasus-plan_ID0000084,None,compute,0,1716392632.0,,,1716392637.0,1716392647.0,1716392667.0,108293581.8,1716392646.0,1716392702.0,1716392690.0,1716392693.0,111706.0,1716392702.0,1716392707.0,5.0,,9.0,56.0,5.0,20.0,1488780210.0,3.0,316708.0,poseidon,condorpool,poseidon-worker-2-container-12-15,plot_qscan_ID10,/usr/local/bin/pycbc_plot_qscan,,17.0,0,0,0.1,688925141.0,63333.0,8164.0,40.0,12.6,2.2,22964171.4,3166.7
page_coincinfo_ID0_ID0000001_pegasus-plan_ID0000082,None,compute,0,1716392632.0,,,1716392637.0,1716392647.0,1716392674.0,73609297.8,1716392646.0,1716392692.0,1716392682.0,1716392685.0,2306.0,1716392692.0,1716392697.0,5.0,,9.0,46.0,5.0,27.0,1540981253.0,3.0,6780.0,poseidon,condorpool,poseidon-worker-2-container-20-23,page_coincinfo_ID0,/usr/local/bin/pycbc_page_coincinfo,,2.9,0,0,,,,,,,,,
plot_qscan_ID10_ID0000011_pegasus-plan_ID0000082,None,compute,0,1716392632.0,,,1716392637.0,1716392647.0,1716392677.0,61206092.8,1716392646.0,1716392712.0,1716392700.0,1716392702.0,113555.0,1716392712.0,1716392717.0,5.0,,9.0,66.0,5.0,30.0,1485627688.0,2.0,312282.0,poseidon,condorpool,poseidon-worker-2-container-0-3,plot_qscan_ID10,/usr/local/bin/pycbc_plot_qscan,,17.0,0,0,0.1,669992048.0,63333.0,8124.0,40.0,12.6,2.2,22333068.3,3166.7
single_template_ID3_ID0000004_pegasus-plan_ID0000082,cpu_2,compute,0,1716392632.0,,,1716392637.0,1716392647.0,1716392670.0,87200823.6,1716392646.0,1716392717.0,1716392704.0,1716392707.0,3478129.0,1716392717.0,1716392722.0,5.0,,9.0,71.0,5.0,23.0,1485631059.0,3.0,9945232.0,poseidon,condorpool,poseidon-worker-2-container-32-35,single_template_ID3,/usr/local/bin/pycbc_single_template,,29.3,0,0,0.1,660622249.0,28470.0,4634.0,27.0,21.1,3.8,13212445.0,2847.0
plot_trigger_timeseries_ID1_ID0000002_pegasus-plan_ID0000084,cpu_2,compute,0,1716392632.0,,,1716392637.0,1716392647.0,1716392678.0,57752202.7,1716392646.0,1716392697.0,1716392686.0,1716392689.0,17478.0,1716392697.0,1716392702.0,5.0,,9.0,51.0,5.0,31.0,1397430867.0,3.0,48381.0,poseidon,condorpool,poseidon-worker-1-container-0-3,plot_trigger_timeseries_ID1,/usr/local/bin/pycbc_plot_trigger_timeseries,,3.1,0,0,,,,,,,,,
page_coincinfo_ID0_ID0000001_pegasus-plan_ID0000084,None,compute,0,1716392632.0,,,1716392637.0,1716392647.0,1716392668.0,94939041.4,1716392646.0,1716392687.0,1716392677.0,1716392680.0,2217.0,1716392687.0,1716392692.0,5.0,,9.0,41.0,5.0,21.0,1540981253.0,3.0,6183.0,poseidon,condorpool,poseidon-worker-2-container-4-7,page_coincinfo_ID0,/usr/local/bin/pycbc_page_coincinfo,,3.0,0,0,,,,,,,,,
plot_trigger_timeseries_ID1_ID0000003_pegasus-plan_ID0000084,cpu_2,compute,0,1716392632.0,,,1716392637.0,1716392647.0,1716392676.0,59477793.1,1716392646.0,1716392697.0,1716392685.0,1716392688.0,20821.0,1716392697.0,1716392702.0,5.0,,9.0,51.0,5.0,29.0,1397430867.0,3.0,58131.0,poseidon,condorpool,poseidon-worker-2-container-24-27,plot_trigger_timeseries_ID1,/usr/local/bin/pycbc_plot_trigger_timeseries,,2.9,0,0,,,,,,,,,
single_template_ID3_ID0000006_pegasus-plan_ID0000084,cpu_2,compute,0,1716392632.0,,,1716392637.0,1716392647.0,1716392675.0,67383697.8,1716392646.0,1716392722.0,1716392709.0,1716392712.0,3466817.0,1716392722.0,1716392727.0,5.0,,9.0,76.0,5.0,28.0,1488783581.0,3.0,9945232.0,poseidon,condorpool,poseidon-worker-2-container-36-39,single_template_ID3,/usr/local/bin/pycbc_single_template,,29.1,0,0,0.0,679537375.0,28470.0,4634.0,27.0,21.1,3.8,13590747.5,2847.0
plot_singles_timefreq_ID9_ID0000010_pegasus-plan_ID0000084,cpu_2,compute,0,1716392632.0,,,1716392637.0,1716392647.0,1716392682.0,50153671.3,1716392646.0,1716392727.0,1716392705.0,1716392708.0,138110.0,1716392727.0,1716392732.0,5.0,,9.0,81.0,5.0,35.0,1491922922.0,3.0,379960.0,poseidon,condorpool,poseidon-worker-1-container-44-47,plot_singles_timefreq_ID9,/usr/local/bin/pycbc_plot_singles_timefreq,,17.1,0,0,0.1,673258887.0,63552.0,9132.0,45.0,12.3,2.4,22441962.9,3177.6
single_template_ID3_ID0000008_pegasus-plan_ID0000084,cpu_2,compute,0,1716392632.0,,,1716392637.0,1716392647.0,1716392673.0,72684634.2,1716392646.0,1716392722.0,1716392713.0,1716392716.0,3473135.0,1716392722.0,1716392727.0,5.0,,9.0,76.0,5.0,26.0,1509360080.0,3.0,9945232.0,poseidon,condorpool,poseidon-worker-1-container-32-35,single_template_ID3,/usr/local/bin/pycbc_single_template,,32.5,0,0,0.0,803000178.0,28470.0,4649.0,27.0,23.9,5.1,13383336.3,2847.0
single_template_ID3_ID0000004_pegasus-plan_ID0000084,None,compute,0,1716392632.0,,,1716392637.0,1716392647.0,1716392668.0,98855454.0,1716392646.0,1716392712.0,1716392703.0,1716392706.0,3435400.0,1716392712.0,1716392717.0,5.0,,9.0,66.0,5.0,21.0,1485631059.0,3.0,9945232.0,poseidon,condorpool,poseidon-worker-1-container-12-15,single_template_ID3,/usr/local/bin/pycbc_single_template,,30.2,0,0,0.0,660629638.0,4222782.0,4651.0,28.0,25.2,4.7,11010494.0,211139.1
plot_qscan_ID10_ID0000011_pegasus-plan_ID0000084,cpu_2,compute,0,1716392632.0,,,1716392637.0,1716392647.0,1716392680.0,54329558.7,1716392646.0,1716392712.0,1716392703.0,1716392706.0,115898.0,1716392712.0,1716392717.0,5.0,,9.0,66.0,5.0,33.0,1485627688.0,3.0,321049.0,poseidon,condorpool,poseidon-worker-2-container-8-11,plot_qscan_ID10,/usr/local/bin/pycbc_plot_qscan,,17.0,0,0,0.1,669989300.0,63333.0,8121.0,40.0,12.7,2.2,22332976.7,3166.7
plot_hist_ID52_ID0000062,None,compute,0,1716392660.0,,,1716392665.0,1716392686.0,1716392705.0,107239307.3,1716392685.0,1716392725.0,1716392714.0,1716392717.0,4339.0,1716392725.0,1716392730.0,5.0,,20.0,40.0,5.0,19.0,1385320962.0,3.0,11883.0,poseidon,condorpool,poseidon-worker-1-container-20-23,plot_hist_ID52,/usr/local/bin/pycbc_plot_hist,,3.4,0,0,,,,,,,,,
plot_hist_ID52_ID0000061,cpu_2,compute,0,1716392660.0,,,1716392665.0,1716392686.0,1716392707.0,96816110.6,1716392685.0,1716392725.0,1716392716.0,1716392719.0,4456.0,1716392725.0,1716392730.0,5.0,,20.0,40.0,5.0,21.0,1385320962.0,3.0,12072.0,poseidon,condorpool,poseidon-worker-1-container-32-35,plot_hist_ID52,/usr/local/bin/pycbc_plot_hist,,3.0,0,0,,,,,,,,,
stage_out_local_condorpool_10_0,None,transfer,0,1716392660.0,,,1716392665.0,,,0.0,1716392665.0,1716392675.0,1716392665.0,1716392669.0,72811.0,1716392675.0,1716392680.0,5.0,,0.0,10.0,5.0,,,4.0,293754.0,poseidon,local,poseidon-submit,pegasus::transfer,/mnt/poseidon-data/poseidon/pegasus-5.1.0panorama/bin/pegasus-transfer,pegasus-kickstart  -n pegasus::transfer -N null -i - -R local  -L pycbc-search -T 2024-03-27T21:26:08+00:00 pegasus-transfer  --threads 2,0.8,0,0,,,,,,,,,
hdfinjfind_ID149_ID0000158,cpu_2,compute,0,1716392660.0,,,1716392665.0,1716392686.0,1716392703.0,123992701.2,1716392685.0,1716392720.0,1716392711.0,1716392713.0,37372.0,1716392720.0,1716392725.0,5.0,,20.0,35.0,5.0,17.0,1380017448.0,2.0,102324.0,poseidon,condorpool,poseidon-worker-1-container-28-31,hdfinjfind_ID149,/usr/local/bin/pycbc_coinc_hdfinjfind,,2.3,0,0,,,,,,,,,
hdfinjfind_ID149_ID0000159,cpu_2,compute,0,1716392660.0,,,1716392665.0,1716392686.0,1716392705.0,110423102.8,1716392685.0,1716392725.0,1716392714.0,1716392717.0,37245.0,1716392725.0,1716392730.0,5.0,,20.0,40.0,5.0,19.0,1380017448.0,3.0,102324.0,poseidon,condorpool,poseidon-worker-1-container-44-47,hdfinjfind_ID149,/usr/local/bin/pycbc_coinc_hdfinjfind,,2.3,0,0,,,,,,,,,
plot_hist_ID52_ID0000053,cpu_2,compute,0,1716392660.0,,,1716392665.0,1716392686.0,1716392706.0,102214204.0,1716392685.0,1716392725.0,1716392714.0,1716392717.0,4085.0,1716392725.0,1716392730.0,5.0,,20.0,40.0,5.0,20.0,1386145880.0,3.0,11164.0,poseidon,condorpool,poseidon-worker-1-container-40-43,plot_hist_ID52,/usr/local/bin/pycbc_plot_hist,,3.0,0,0,,,,,,,,,
plot_snrchi_ID48_ID0000051,cpu_2,compute,0,1716392660.0,,,1716392665.0,1716392686.0,1716392709.0,82250658.4,1716392685.0,1716392730.0,1716392718.0,1716392721.0,91185.0,1716392730.0,1716392735.0,5.0,,20.0,45.0,5.0,23.0,1385320962.0,3.0,251125.0,poseidon,condorpool,poseidon-worker-1-container-24-27,plot_snrchi_ID48,/usr/local/bin/pycbc_page_snrchi,,3.2,0,0,,,,,,,,,
plot_hist_ID52_ID0000057,cpu_2,compute,0,1716392660.0,,,1716392665.0,1716392666.0,1716392684.0,123237198.7,1716392665.0,1716392705.0,1716392693.0,1716392696.0,4089.0,1716392705.0,1716392710.0,5.0,,0.0,40.0,5.0,18.0,1385734573.0,3.0,11275.0,poseidon,condorpool,poseidon-worker-1-container-24-27,plot_hist_ID52,/usr/local/bin/pycbc_plot_hist,,3.0,0,0,,,,,,,,,
plot_snrchi_ID48_ID0000050,cpu_2,compute,0,1716392660.0,,,1716392665.0,1716392686.0,1716392708.0,84548729.9,1716392685.0,1716392730.0,1716392717.0,1716392720.0,59516.0,1716392730.0,1716392735.0,5.0,,20.0,45.0,5.0,22.0,1385734573.0,3.0,164217.0,poseidon,condorpool,poseidon-worker-2-container-44-47,plot_snrchi_ID48,/usr/local/bin/pycbc_page_snrchi,,3.2,0,0,,,,,,,,,
plot_binnedhist_ID54_ID0000055,None,compute,0,1716392660.0,,,1716392665.0,1716392666.0,1716392682.0,140051400.8,1716392666.0,1716392705.0,1716392693.0,1716392696.0,32339.0,1716392705.0,1716392710.0,5.0,,1.0,39.0,5.0,16.0,1386179070.0,3.0,90740.0,poseidon,condorpool,poseidon-worker-2-container-40-43,plot_binnedhist_ID54,/usr/local/bin/pycbc_fit_sngls_split_binned,,4.4,0,0,,,,,,,,,
plot_binnedhist_ID54_ID0000059,None,compute,0,1716392660.0,,,1716392665.0,1716392666.0,1716392682.0,137171695.9,1716392665.0,1716392705.0,1716392692.0,1716392695.0,31914.0,1716392705.0,1716392710.0,5.0,,0.0,40.0,5.0,16.0,1385767763.0,3.0,90683.0,poseidon,condorpool,poseidon-worker-1-container-16-19,plot_binnedhist_ID54,/usr/local/bin/pycbc_fit_sngls_split_binned,,4.1,0,0,,,,,,,,,
plot_hist_ID52_ID0000058,cpu_2,compute,0,1716392660.0,,,1716392665.0,1716392667.0,1716392682.0,138295429.8,1716392665.0,1716392705.0,1716392693.0,1716392696.0,4510.0,1716392705.0,1716392710.0,5.0,,0.0,40.0,5.0,15.0,1385734573.0,3.0,12570.0,poseidon,condorpool,poseidon-worker-2-container-44-47,plot_hist_ID52,/usr/local/bin/pycbc_plot_hist,,3.1,0,0,,,,,,,,,
plot_singles_ID51_ID0000052,None,compute,0,1716392660.0,,,1716392665.0,1716392686.0,1716392703.0,125206469.0,1716392685.0,1716392720.0,1716392712.0,1716392715.0,21477.0,1716392720.0,1716392725.0,5.0,,20.0,35.0,5.0,17.0,1386179070.0,3.0,58707.0,poseidon,condorpool,poseidon-worker-2-container-40-43,plot_singles_ID51,/usr/local/bin/pycbc_plot_singles_vs_params,,3.1,0,0,,,,,,,,,
plot_singles_ID51_ID0000060,cpu_2,compute,0,1716392660.0,,,1716392665.0,1716392688.0,1716392704.0,133865792.6,1716392685.0,1716392725.0,1716392713.0,1716392716.0,19435.0,1716392725.0,1716392730.0,5.0,,20.0,40.0,5.0,16.0,1385354152.0,3.0,53255.0,poseidon,condorpool,poseidon-worker-2-container-16-19,plot_singles_ID51,/usr/local/bin/pycbc_plot_singles_vs_params,,3.1,0,0,,,,,,,,,
plot_hist_ID52_ID0000054,cpu_2,compute,0,1716392660.0,,,1716392665.0,1716392687.0,1716392703.0,133393349.4,1716392685.0,1716392720.0,1716392711.0,1716392714.0,4551.0,1716392720.0,1716392725.0,5.0,,20.0,35.0,5.0,16.0,1386145880.0,3.0,12415.0,poseidon,condorpool,poseidon-worker-1-container-36-39,plot_hist_ID52,/usr/local/bin/pycbc_plot_hist,,2.9,0,0,,,,,,,,,
plot_binnedhist_ID54_ID0000063,None,compute,0,1716392660.0,,,1716392665.0,1716392666.0,1716392682.0,142002964.2,1716392666.0,1716392705.0,1716392693.0,1716392696.0,33036.0,1716392705.0,1716392710.0,5.0,,1.0,39.0,5.0,16.0,1385354152.0,3.0,92410.0,poseidon,condorpool,poseidon-worker-2-container-12-15,plot_binnedhist_ID54,/usr/local/bin/pycbc_fit_sngls_split_binned,,4.2,0,0,,,,,,,,,
plot_snrchi_ID48_ID0000049,None,compute,0,1716392660.0,,,1716392665.0,1716392686.0,1716392703.0,125626822.0,1716392685.0,1716392725.0,1716392713.0,1716392715.0,51806.0,1716392725.0,1716392730.0,5.0,,20.0,40.0,5.0,17.0,1386145880.0,2.0,143314.0,poseidon,condorpool,poseidon-worker-1-container-16-19,plot_snrchi_ID48,/usr/local/bin/pycbc_page_snrchi,,3.5,0,0,,,,,,,,,
plot_singles_ID51_ID0000056,None,compute,0,1716392660.0,,,1716392665.0,1716392686.0,1716392708.0,84795166.5,1716392685.0,1716392730.0,1716392717.0,1716392720.0,22843.0,1716392730.0,1716392735.0,5.0,,20.0,45.0,5.0,22.0,1385767763.0,3.0,62954.0,poseidon,condorpool,poseidon-worker-2-container-12-15,plot_singles_ID51,/usr/local/bin/pycbc_plot_singles_vs_params,,3.2,0,0,,,,,,,,,
register_condorpool_10_0,None,auxiliary,0,1716392680.0,,,1716392685.0,,,0.0,1716392685.0,1716392690.0,,,0.0,1716392690.0,1716392695.0,5.0,,0.0,5.0,5.0,,,,,poseidon,local,poseidon-submit,pegasus::rc-client,/mnt/poseidon-data/poseidon/pegasus-5.1.0panorama/bin/pegasus-rc-client,"pegasus-kickstart  -n pegasus::rc-client -N null -R local  -L pycbc-search -T 2024-03-27T21:26:08+00:00 /home/poseidon/pegasus-5.1.0panorama/bin/pegasus-rc-client --prefix pegasus.catalog.replica.output --conf /mnt/poseidon-data/poseidon/workflows/pycbc/search/poseidon/submit/poseidon/pegasus/pycbc-search/run0377/pegasus.111206368763219812.properties -v --meta /mnt/poseidon-data/poseidon/workflows/pycbc/search/poseidon/submit/poseidon/pegasus/pycbc-search/run0377/00/03/page_foreground_ID71_ID0000079.meta,/mnt/poseidon-data/poseidon/workflows/pycbc/search/poseidon/submit/poseidon/pegasus/pycbc-search/run0377/00/03/page_ifar_catalog_ID70_ID0000077.meta,/mnt/poseidon-data/poseidon/workflows/pycbc/search/poseidon/submit/poseidon/pegasus/pycbc-search/run0377/00/03/combine_statmap_ID36_ID0000157.meta,/mnt/poseidon-data/poseidon/workflows/pycbc/search/poseidon/submit/poseidon/pegasus/pycbc-search/run0377/00/03/page_foreground_ID71_ID0000078.meta,/mnt/poseidon-data/poseidon/workflows/pycbc/search/poseidon/submit/poseidon/pegasus/pycbc-search/run0377/00/02/page_foreground_ID71_ID0000080.meta,/mnt/poseidon-data/poseidon/workflows/pycbc/search/poseidon/submit/poseidon/pegasus/pycbc-search/run0377/00/03/foreground_censor_ID37_ID0000038.meta --insert /mnt/poseidon-data/poseidon/workflows/pycbc/search/poseidon/submit/poseidon/pegasus/pycbc-search/run0377/00/03/register_condorpool_10_0.in",3.3,0,0,,,,,,,,,
stage_out_local_condorpool_0_1_pegasus-plan_ID0000082,None,transfer,0,1716392717.0,,,1716392722.0,,,0.0,1716392722.0,1716392732.0,1716392722.0,1716392726.0,294594.0,1716392732.0,1716392737.0,5.0,,0.0,10.0,5.0,,,4.0,1189715.0,poseidon,local,poseidon-submit,pegasus::transfer,/mnt/poseidon-data/poseidon/pegasus-5.1.0panorama/bin/pegasus-transfer,/home/poseidon/pegasus-5.1.0panorama/bin/../bin/pegasus-kickstart  -n pegasus::transfer -N null -i - -R local  -L H1L1V1-FOREGROUND_MINIFOLLOWUP_FULL_DATA_FOREGROUND-1186740100-3400 -T 2024-03-13T22:37:56+00:00 /home/poseidon/pegasus-5.1.0panorama/bin/../bin/pegasus-transfer  --threads 2,0.8,0,0,,,,,,,,,
single_template_plot_ID4_ID0000007_pegasus-plan_ID0000082,None,compute,0,1716392717.0,,,1716392722.0,1716392723.0,1716392739.0,138635010.2,1716392722.0,1716392757.0,1716392747.0,1716392750.0,33455.0,1716392757.0,1716392762.0,5.0,,0.0,35.0,5.0,16.0,1389826192.0,3.0,99103.0,poseidon,condorpool,poseidon-worker-2-container-0-3,single_template_plot_ID4,/usr/local/bin/pycbc_single_template_plot,,3.1,0,0,,,,,,,,,
stage_out_local_condorpool_0_0_pegasus-plan_ID0000084,None,transfer,0,1716392717.0,,,1716392722.0,,,0.0,1716392727.0,1716392737.0,1716392727.0,1716392731.0,254840.0,1716392737.0,1716392742.0,5.0,,5.0,10.0,5.0,,,4.0,1027618.0,poseidon,local,poseidon-submit,pegasus::transfer,/mnt/poseidon-data/poseidon/pegasus-5.1.0panorama/bin/pegasus-transfer,/home/poseidon/pegasus-5.1.0panorama/bin/../bin/pegasus-kickstart  -n pegasus::transfer -N null -i - -R local  -L H1L1V1-FOREGROUND_MINIFOLLOWUP_FULL_DATA_BACKGROUND-1186740100-3400 -T 2024-03-13T22:37:56+00:00 /home/poseidon/pegasus-5.1.0panorama/bin/../bin/pegasus-transfer  --threads 2,0.5,0,0,,,,,,,,,
single_template_plot_ID4_ID0000005_pegasus-plan_ID0000084,cpu_2,compute,0,1716392717.0,,,1716392722.0,1716392724.0,1716392739.0,142624540.9,1716392723.0,1716392757.0,1716392747.0,1716392750.0,46555.0,1716392757.0,1716392762.0,5.0,,1.0,34.0,5.0,15.0,1389826192.0,3.0,129581.0,poseidon,condorpool,poseidon-worker-2-container-44-47,single_template_plot_ID4,/usr/local/bin/pycbc_single_template_plot,,2.8,0,0,,,,,,,,,
stage_out_local_condorpool_0_0_pegasus-plan_ID0000082,None,transfer,0,1716392717.0,,,1716392722.0,,,0.0,1716392722.0,1716392732.0,1716392722.0,1716392726.0,244111.0,1716392732.0,1716392737.0,5.0,,0.0,10.0,5.0,,,4.0,984959.0,poseidon,local,poseidon-submit,pegasus::transfer,/mnt/poseidon-data/poseidon/pegasus-5.1.0panorama/bin/pegasus-transfer,/home/poseidon/pegasus-5.1.0panorama/bin/../bin/pegasus-kickstart  -n pegasus::transfer -N null -i - -R local  -L H1L1V1-FOREGROUND_MINIFOLLOWUP_FULL_DATA_FOREGROUND-1186740100-3400 -T 2024-03-13T22:37:56+00:00 /home/poseidon/pegasus-5.1.0panorama/bin/../bin/pegasus-transfer  --threads 2,0.6,0,0,,,,,,,,,
single_template_plot_ID4_ID0000005_pegasus-plan_ID0000082,None,compute,0,1716392722.0,,,1716392727.0,1716392728.0,1716392747.0,106479579.7,1716392727.0,1716392767.0,1716392755.0,1716392758.0,40281.0,1716392767.0,1716392772.0,5.0,,0.0,40.0,5.0,19.0,1389826192.0,3.0,110810.0,poseidon,condorpool,poseidon-worker-2-container-40-43,single_template_plot_ID4,/usr/local/bin/pycbc_single_template_plot,,3.0,0,0,,,,,,,,,
plot_coinc_snrchi_ID155_ID0000168,cpu_2,compute,0,1716392725.0,,,1716392730.0,1716392731.0,1716392762.0,57615124.5,1716392730.0,1716392790.0,1716392778.0,1716392781.0,42839.0,1716392790.0,1716392795.0,5.0,,0.0,60.0,5.0,31.0,1416679109.0,3.0,120198.0,poseidon,condorpool,poseidon-worker-1-container-24-27,plot_coinc_snrchi_ID155,/usr/local/bin/pycbc_page_coinc_snrchi,,3.9,0,0,0.0,49798828.0,7279909.0,9694.0,104.0,1.7,1.3,2489941.4,363995.5
plot_coinc_snrchi_ID155_ID0000169,cpu_2,compute,0,1716392725.0,,,1716392730.0,1716392731.0,1716392755.0,81185634.4,1716392730.0,1716392785.0,1716392774.0,1716392777.0,41432.0,1716392785.0,1716392790.0,5.0,,0.0,55.0,5.0,24.0,1417264485.0,3.0,115955.0,poseidon,condorpool,poseidon-worker-1-container-44-47,plot_coinc_snrchi_ID155,/usr/local/bin/pycbc_page_coinc_snrchi,,4.0,0,0,0.1,38212851.0,2687363.0,8947.0,85.0,1.3,1.2,1910642.6,134368.1
pegasus-plan_ID0000174,None,subwf,0,1716392725.0,1716392725.0,1716392732.0,1716392735.0,,,0.0,1716392736.0,1716392965.0,,,0.0,,,0.0,7.0,1.0,229.0,,,,,,poseidon,local,poseidon-submit,condor::dagman,/usr/bin/condor_dagman,-p 0  -f -l . -Notification never -Debug 3 -Lockfile H1L1V1-INJECTION_MINIFOLLOWUP_BBH-1186740100-3400.dag.lock -Dag H1L1V1-INJECTION_MINIFOLLOWUP_BBH-1186740100-3400.dag -AllowVersionMismatch  -AutoRescue 1 -DoRescueFrom 0,0.0,0,0,,,,,,,,,
plot_coinc_snrchi_ID155_ID0000172,cpu_2,compute,0,1716392725.0,,,1716392730.0,1716392733.0,1716392755.0,87276721.0,1716392732.0,1716392785.0,1716392773.0,1716392775.0,36559.0,1716392785.0,1716392790.0,5.0,,2.0,53.0,5.0,22.0,1391659749.0,2.0,104559.0,poseidon,condorpool,poseidon-worker-1-container-28-31,plot_coinc_snrchi_ID155,/usr/local/bin/pycbc_page_coinc_snrchi,,4.3,0,0,0.1,37519264.0,3604867.0,9621.0,99.0,1.4,1.2,1875963.2,180243.3
plot_coinc_snrchi_ID155_ID0000170,cpu_2,compute,0,1716392725.0,,,1716392730.0,1716392731.0,1716392754.0,86833753.1,1716392730.0,1716392780.0,1716392772.0,1716392775.0,38462.0,1716392780.0,1716392785.0,5.0,,0.0,50.0,5.0,23.0,1390686055.0,3.0,109103.0,poseidon,condorpool,poseidon-worker-2-container-44-47,plot_coinc_snrchi_ID155,/usr/local/bin/pycbc_page_coinc_snrchi,,4.2,0,0,0.1,36874236.0,3146115.0,9352.0,92.0,1.3,1.2,1843711.8,157305.8
page_injections_ID153_ID0000163,None,compute,0,1716392725.0,,,1716392730.0,1716392731.0,1716392751.0,97113699.0,1716392730.0,1716392780.0,1716392769.0,1716392772.0,2494.0,1716392780.0,1716392785.0,5.0,,0.0,50.0,5.0,20.0,1379983284.0,3.0,6912.0,poseidon,condorpool,poseidon-worker-2-container-12-15,page_injections_ID153,/usr/local/bin/pycbc_page_injtable,,3.4,0,0,0.1,33509032.0,2556291.0,8330.0,83.0,1.2,1.2,1675451.6,127814.5
plot_coinc_snrchi_ID155_ID0000164,cpu_2,compute,0,1716392725.0,,,1716392730.0,1716392731.0,1716392758.0,70173474.1,1716392730.0,1716392785.0,1716392775.0,1716392778.0,48378.0,1716392785.0,1716392790.0,5.0,,0.0,55.0,5.0,27.0,1416520935.0,3.0,135395.0,poseidon,condorpool,poseidon-worker-1-container-28-31,plot_coinc_snrchi_ID155,/usr/local/bin/pycbc_page_coinc_snrchi,,4.2,0,0,0.1,38923263.0,3473795.0,9632.0,97.0,1.4,1.2,1946163.1,173689.8
plot_coinc_snrchi_ID155_ID0000165,None,compute,0,1716392725.0,,,1716392730.0,1716392731.0,1716392755.0,80476159.2,1716392730.0,1716392785.0,1716392772.0,1716392775.0,41279.0,1716392785.0,1716392790.0,5.0,,0.0,55.0,5.0,24.0,1416909253.0,3.0,116642.0,poseidon,condorpool,poseidon-worker-1-container-20-23,plot_coinc_snrchi_ID155,/usr/local/bin/pycbc_page_coinc_snrchi,,4.0,0,0,0.1,38963894.0,3539331.0,9282.0,98.0,1.3,1.3,1948194.7,176966.5
plot_coinc_snrchi_ID155_ID0000166,None,compute,0,1716392725.0,,,1716392730.0,1716392731.0,1716392754.0,85640242.0,1716392730.0,1716392790.0,1716392777.0,1716392780.0,46490.0,1716392790.0,1716392795.0,5.0,,0.0,60.0,5.0,23.0,1416535671.0,3.0,130811.0,poseidon,condorpool,poseidon-worker-1-container-16-19,plot_coinc_snrchi_ID155,/usr/local/bin/pycbc_page_coinc_snrchi,,4.2,0,0,0.1,38650724.0,3277187.0,9262.0,94.0,1.4,1.3,1288357.5,109239.6
plot_coinc_snrchi_ID155_ID0000167,None,compute,0,1716392725.0,,,1716392730.0,1716392731.0,1716392760.0,63601578.5,1716392730.0,1716392790.0,1716392777.0,1716392780.0,40209.0,1716392790.0,1716392795.0,5.0,,0.0,60.0,5.0,29.0,1417509365.0,3.0,113391.0,poseidon,condorpool,poseidon-worker-1-container-12-15,plot_coinc_snrchi_ID155,/usr/local/bin/pycbc_page_coinc_snrchi,,4.2,0,0,0.1,39175721.0,3604867.0,9327.0,99.0,1.4,1.2,1958786.0,180243.3
plot_foundmissed_ID151_ID0000160,cpu_2,compute,0,1716392725.0,,,1716392730.0,1716392731.0,1716392759.0,62085099.0,1716392730.0,1716392790.0,1716392777.0,1716392780.0,20856.0,1716392790.0,1716392795.0,5.0,,0.0,60.0,5.0,28.0,1379983284.0,3.0,58100.0,poseidon,condorpool,poseidon-worker-2-container-16-19,plot_foundmissed_ID151,/usr/local/bin/pycbc_page_foundmissed,,4.1,0,0,0.0,34845140.0,3342892.0,8765.0,96.0,1.4,1.3,1742257.0,167144.6
plot_foundmissed_ID151_ID0000161,cpu_2,compute,0,1716392725.0,,,1716392730.0,1716392731.0,1716392752.0,96920641.1,1716392730.0,1716392780.0,1716392769.0,1716392772.0,20665.0,1716392780.0,1716392785.0,5.0,,0.0,50.0,5.0,21.0,1379983284.0,3.0,58108.0,poseidon,condorpool,poseidon-worker-1-container-36-39,plot_foundmissed_ID151,/usr/local/bin/pycbc_page_foundmissed,,4.0,0,0,0.1,34882547.0,3342892.0,9026.0,96.0,1.3,1.2,1744127.4,167144.6
page_injections_ID153_ID0000162,cpu_2,compute,0,1716392725.0,,,1716392730.0,1716392731.0,1716392760.0,60563684.3,1716392730.0,1716392790.0,1716392778.0,1716392781.0,9643.0,1716392790.0,1716392795.0,5.0,,0.0,60.0,5.0,29.0,1384445910.0,3.0,26781.0,poseidon,condorpool,poseidon-worker-1-container-32-35,page_injections_ID153,/usr/local/bin/pycbc_page_injtable,,3.5,0,0,0.0,34868722.0,3146115.0,9446.0,92.0,1.3,1.2,1743436.1,157305.8
plot_coinc_snrchi_ID155_ID0000171,cpu_2,compute,0,1716392725.0,,,1716392730.0,1716392731.0,1716392764.0,53180701.1,1716392730.0,1716392790.0,1716392781.0,1716392784.0,39020.0,1716392790.0,1716392795.0,5.0,,0.0,60.0,5.0,33.0,1391074373.0,3.0,109301.0,poseidon,condorpool,poseidon-worker-1-container-44-47,plot_coinc_snrchi_ID155,/usr/local/bin/pycbc_page_coinc_snrchi,,4.5,0,0,0.0,44727521.0,7279909.0,9905.0,104.0,1.6,1.4,2236376.0,363995.5
single_template_plot_ID4_ID0000009_pegasus-plan_ID0000084,cpu_2,compute,0,1716392727.0,,,1716392732.0,1716392733.0,1716392760.0,64843917.0,1716392732.0,1716392782.0,1716392770.0,1716392773.0,39008.0,1716392782.0,1716392787.0,5.0,,0.0,50.0,5.0,27.0,1389826192.0,3.0,108776.0,poseidon,condorpool,poseidon-worker-2-container-36-39,single_template_plot_ID4,/usr/local/bin/pycbc_single_template_plot,,3.0,0,0,,,,,,,,,
single_template_plot_ID4_ID0000007_pegasus-plan_ID0000084,cpu_2,compute,0,1716392727.0,,,1716392732.0,1716392733.0,1716392756.0,84760688.5,1716392732.0,1716392777.0,1716392764.0,1716392767.0,44924.0,1716392777.0,1716392782.0,5.0,,0.0,45.0,5.0,23.0,1389826192.0,3.0,123543.0,poseidon,condorpool,poseidon-worker-2-container-32-35,single_template_plot_ID4,/usr/local/bin/pycbc_single_template_plot,,2.8,0,0,,,,,,,,,
plot_sensitivity_ID166_ID0000176,None,compute,0,1716392730.0,,,1716392735.0,1716392746.0,1716392762.0,141080727.3,1716392745.0,1716392785.0,1716392770.0,1716392773.0,7418.0,1716392785.0,1716392790.0,5.0,,10.0,40.0,5.0,16.0,1379983284.0,3.0,20660.0,poseidon,condorpool,poseidon-worker-2-container-40-43,plot_sensitivity_ID166,/usr/local/bin/pycbc_page_sensitivity,,3.2,0,0,,,,,,,,,
plot_foundmissed_ID151_ID0000183,cpu_2,compute,0,1716392730.0,,,1716392735.0,1716392746.0,1716392762.0,132352386.6,1716392745.0,1716392790.0,1716392779.0,1716392782.0,20621.0,1716392790.0,1716392795.0,5.0,,10.0,45.0,5.0,16.0,1379983284.0,3.0,58096.0,poseidon,condorpool,poseidon-worker-2-container-44-47,plot_foundmissed_ID151,/usr/local/bin/pycbc_page_foundmissed,,4.2,0,0,0.0,42427603.0,7280078.0,9187.0,105.0,1.7,1.3,2121380.1,364003.9
plot_foundmissed_ID151_ID0000182,cpu_2,compute,0,1716392730.0,,,1716392735.0,1716392746.0,1716392763.0,124162118.4,1716392745.0,1716392790.0,1716392780.0,1716392783.0,20742.0,1716392790.0,1716392795.0,5.0,,10.0,45.0,5.0,17.0,1379983284.0,3.0,58088.0,poseidon,condorpool,poseidon-worker-1-container-36-39,plot_foundmissed_ID151,/usr/local/bin/pycbc_page_foundmissed,,4.3,0,0,0.1,42454793.0,7280078.0,9312.0,105.0,1.6,1.4,2122739.6,364003.9
plot_sensitivity_ID166_ID0000180,cpu_2,compute,0,1716392730.0,,,1716392735.0,1716392736.0,1716392753.0,130559729.8,1716392735.0,1716392770.0,1716392761.0,1716392764.0,7600.0,1716392770.0,1716392775.0,5.0,,0.0,35.0,5.0,17.0,1379983284.0,3.0,20664.0,poseidon,condorpool,poseidon-worker-1-container-32-35,plot_sensitivity_ID166,/usr/local/bin/pycbc_page_sensitivity,,3.0,0,0,,,,,,,,,
plot_foundmissed_ID151_ID0000178,None,compute,0,1716392730.0,,,1716392735.0,1716392736.0,1716392757.0,90931787.8,1716392735.0,1716392785.0,1716392774.0,1716392777.0,20615.0,1716392785.0,1716392790.0,5.0,,0.0,50.0,5.0,21.0,1379983284.0,3.0,58096.0,poseidon,condorpool,poseidon-worker-2-container-40-43,plot_foundmissed_ID151,/usr/local/bin/pycbc_page_foundmissed,,4.2,0,0,0.1,34945126.0,3342892.0,9183.0,96.0,1.4,1.3,1747256.3,167144.6
plot_foundmissed_ID151_ID0000179,cpu_2,compute,0,1716392730.0,,,1716392735.0,1716392736.0,1716392753.0,130121825.2,1716392735.0,1716392780.0,1716392772.0,1716392775.0,20573.0,1716392780.0,1716392785.0,5.0,,0.0,45.0,5.0,17.0,1379983284.0,3.0,58104.0,poseidon,condorpool,poseidon-worker-1-container-36-39,plot_foundmissed_ID151,/usr/local/bin/pycbc_page_foundmissed,,4.1,0,0,0.0,34040742.0,2490924.0,8655.0,83.0,1.2,1.2,1702037.1,124546.2
plot_sensitivity_ID166_ID0000177,cpu_2,compute,0,1716392730.0,,,1716392735.0,1716392736.0,1716392755.0,104287652.1,1716392735.0,1716392775.0,1716392764.0,1716392766.0,5997.0,1716392775.0,1716392780.0,5.0,,0.0,40.0,5.0,19.0,1379983284.0,2.0,17248.0,poseidon,condorpool,poseidon-worker-1-container-40-43,plot_sensitivity_ID166,/usr/local/bin/pycbc_page_sensitivity,,3.0,0,0,,,,,,,,,
plot_sensitivity_ID166_ID0000181,cpu_2,compute,0,1716392730.0,,,1716392735.0,1716392746.0,1716392767.0,91240853.4,1716392745.0,1716392785.0,1716392776.0,1716392779.0,6188.0,1716392785.0,1716392790.0,5.0,,10.0,40.0,5.0,21.0,1379983284.0,3.0,17252.0,poseidon,condorpool,poseidon-worker-1-container-32-35,plot_sensitivity_ID166,/usr/local/bin/pycbc_page_sensitivity,,3.1,0,0,,,,,,,,,
stage_out_local_condorpool_0_1_pegasus-plan_ID0000084,None,transfer,0,1716392732.0,,,1716392737.0,,,0.0,1716392742.0,1716392752.0,1716392742.0,1716392746.0,287543.0,1716392752.0,1716392757.0,5.0,,5.0,10.0,5.0,,,4.0,1161109.0,poseidon,local,poseidon-submit,pegasus::transfer,/mnt/poseidon-data/poseidon/pegasus-5.1.0panorama/bin/pegasus-transfer,/home/poseidon/pegasus-5.1.0panorama/bin/../bin/pegasus-kickstart  -n pegasus::transfer -N null -i - -R local  -L H1L1V1-FOREGROUND_MINIFOLLOWUP_FULL_DATA_BACKGROUND-1186740100-3400 -T 2024-03-13T22:37:56+00:00 /home/poseidon/pegasus-5.1.0panorama/bin/../bin/pegasus-transfer  --threads 2,0.8,0,0,,,,,,,,,
single_template_plot_ID4_ID0000009_pegasus-plan_ID0000082,cpu_2,compute,0,1716392732.0,,,1716392737.0,1716392747.0,1716392764.0,124728523.6,1716392746.0,1716392782.0,1716392773.0,1716392776.0,38843.0,1716392782.0,1716392787.0,5.0,,9.0,36.0,5.0,17.0,1389826192.0,3.0,110741.0,poseidon,condorpool,poseidon-worker-1-container-28-31,single_template_plot_ID4,/usr/local/bin/pycbc_single_template_plot,,3.2,0,0,,,,,,,,,
stage_out_local_condorpool_11_1,None,transfer,0,1716392735.0,,,1716392740.0,,,0.0,1716392742.0,1716392755.0,1716392742.0,1716392746.0,167802.0,1716392755.0,1716392760.0,5.0,,2.0,13.0,5.0,,,4.0,677626.0,poseidon,local,poseidon-submit,pegasus::transfer,/mnt/poseidon-data/poseidon/pegasus-5.1.0panorama/bin/pegasus-transfer,pegasus-kickstart  -n pegasus::transfer -N null -i - -R local  -L pycbc-search -T 2024-03-27T21:26:08+00:00 pegasus-transfer  --threads 2,1.0,0,0,,,,,,,,,
stage_out_local_condorpool_11_0,None,transfer,0,1716392735.0,,,1716392740.0,,,0.0,1716392742.0,1716392755.0,1716392742.0,1716392746.0,149933.0,1716392755.0,1716392760.0,5.0,,2.0,13.0,5.0,,,4.0,605806.0,poseidon,local,poseidon-submit,pegasus::transfer,/mnt/poseidon-data/poseidon/pegasus-5.1.0panorama/bin/pegasus-transfer,pegasus-kickstart  -n pegasus::transfer -N null -i - -R local  -L pycbc-search -T 2024-03-27T21:26:08+00:00 pegasus-transfer  --threads 2,1.1,0,0,,,,,,,,,
create_dir_H1L1V1-INJECTION_MINIFOLLOWUP_BBH-1186740100-3400.dax_0_condorpool_pegasus-plan_ID0000174,None,auxiliary,0,1716392736.0,,,1716392737.0,,,0.0,1716392742.0,1716392747.0,,,0.0,1716392747.0,1716392752.0,1.0,,5.0,5.0,5.0,,,,,poseidon,local,poseidon-submit,pegasus::dirmanager,/mnt/poseidon-data/poseidon/pegasus-5.1.0panorama/bin/pegasus-transfer,pegasus-kickstart  -n pegasus::dirmanager -N null -i - -R local  -L H1L1V1-INJECTION_MINIFOLLOWUP_BBH-1186740100-3400 -T 2024-03-13T22:37:56+00:00 pegasus-transfer,0.3,0,0,,,,,,,,,
register_condorpool_0_1_pegasus-plan_ID0000082,None,auxiliary,0,1716392737.0,,,1716392742.0,,,0.0,1716392747.0,1716392752.0,,,0.0,1716392752.0,1716392757.0,5.0,,5.0,5.0,5.0,,,,,poseidon,local,poseidon-submit,pegasus::rc-client,/mnt/poseidon-data/poseidon/pegasus-5.1.0panorama/bin/pegasus-rc-client,"-n pegasus::rc-client -N null -R local  -L H1L1V1-FOREGROUND_MINIFOLLOWUP_FULL_DATA_FOREGROUND-1186740100-3400 -T 2024-03-13T22:37:56+00:00 /home/poseidon/pegasus-5.1.0panorama/bin/pegasus-rc-client --prefix pegasus.catalog.replica.output --conf /mnt/poseidon-data/poseidon/workflows/pycbc/search/poseidon/submit/poseidon/pegasus/pycbc-search/run0377/00/03/./H1L1V1-FOREGROUND_MINIFOLLOWUP_FULL_DATA_FOREGROUND-1186740100-3400.dax_ID0000082.000/pegasus.11996594034838530924.properties -v --meta /mnt/poseidon-data/poseidon/workflows/pycbc/search/poseidon/submit/poseidon/pegasus/pycbc-search/run0377/00/03/./H1L1V1-FOREGROUND_MINIFOLLOWUP_FULL_DATA_FOREGROUND-1186740100-3400.dax_ID0000082.000/00/00/plot_trigger_timeseries_ID1_ID0000003.meta,/mnt/poseidon-data/poseidon/workflows/pycbc/search/poseidon/submit/poseidon/pegasus/pycbc-search/run0377/00/03/./H1L1V1-FOREGROUND_MINIFOLLOWUP_FULL_DATA_FOREGROUND-1186740100-3400.dax_ID0000082.000/00/00/plot_singles_timefreq_ID9_ID0000014.meta,/mnt/poseidon-data/poseidon/workflows/pycbc/search/poseidon/submit/poseidon/pegasus/pycbc-search/run0377/00/03/./H1L1V1-FOREGROUND_MINIFOLLOWUP_FULL_DATA_FOREGROUND-1186740100-3400.dax_ID0000082.000/00/00/plot_trigger_timeseries_ID1_ID0000002.meta,/mnt/poseidon-data/poseidon/workflows/pycbc/search/poseidon/submit/poseidon/pegasus/pycbc-search/run0377/00/03/./H1L1V1-FOREGROUND_MINIFOLLOWUP_FULL_DATA_FOREGROUND-1186740100-3400.dax_ID0000082.000/00/00/plot_singles_timefreq_ID9_ID0000010.meta,/mnt/poseidon-data/poseidon/workflows/pycbc/search/poseidon/submit/poseidon/pegasus/pycbc-search/run0377/00/03/./H1L1V1-FOREGROUND_MINIFOLLOWUP_FULL_DATA_FOREGROUND-1186740100-3400.dax_ID0000082.000/00/00/plot_qscan_ID10_ID0000015.meta,/mnt/poseidon-data/poseidon/workflows/pycbc/search/poseidon/submit/poseidon/pegasus/pycbc-search/run0377/00/03/./H1L1V1-FOREGROUND_MINIFOLLOWUP_FULL_DATA_FOREGROUND-1186740100-3400.dax_ID0000082.000/00/00/page_coincinfo_ID0_ID0000001.meta --insert /mnt/poseidon-data/poseidon/workflows/pycbc/search/poseidon/submit/poseidon/pegasus/pycbc-search/run0377/00/03/./H1L1V1-FOREGROUND_MINIFOLLOWUP_FULL_DATA_FOREGROUND-1186740100-3400.dax_ID0000082.000/00/00/register_condorpool_0_1.in",3.2,0,0,,,,,,,,,
register_condorpool_0_0_pegasus-plan_ID0000082,None,auxiliary,0,1716392737.0,,,1716392757.0,,,0.0,1716392758.0,1716392762.0,,,0.0,1716392762.0,1716392767.0,20.0,,1.0,4.0,5.0,,,,,poseidon,local,poseidon-submit,pegasus::rc-client,/mnt/poseidon-data/poseidon/pegasus-5.1.0panorama/bin/pegasus-rc-client,"-n pegasus::rc-client -N null -R local  -L H1L1V1-FOREGROUND_MINIFOLLOWUP_FULL_DATA_FOREGROUND-1186740100-3400 -T 2024-03-13T22:37:56+00:00 /home/poseidon/pegasus-5.1.0panorama/bin/pegasus-rc-client --prefix pegasus.catalog.replica.output --conf /mnt/poseidon-data/poseidon/workflows/pycbc/search/poseidon/submit/poseidon/pegasus/pycbc-search/run0377/00/03/./H1L1V1-FOREGROUND_MINIFOLLOWUP_FULL_DATA_FOREGROUND-1186740100-3400.dax_ID0000082.000/pegasus.11996594034838530924.properties -v --meta /mnt/poseidon-data/poseidon/workflows/pycbc/search/poseidon/submit/poseidon/pegasus/pycbc-search/run0377/00/03/./H1L1V1-FOREGROUND_MINIFOLLOWUP_FULL_DATA_FOREGROUND-1186740100-3400.dax_ID0000082.000/00/00/plot_singles_timefreq_ID9_ID0000012.meta,/mnt/poseidon-data/poseidon/workflows/pycbc/search/poseidon/submit/poseidon/pegasus/pycbc-search/run0377/00/03/./H1L1V1-FOREGROUND_MINIFOLLOWUP_FULL_DATA_FOREGROUND-1186740100-3400.dax_ID0000082.000/00/00/single_template_ID3_ID0000004.meta,/mnt/poseidon-data/poseidon/workflows/pycbc/search/poseidon/submit/poseidon/pegasus/pycbc-search/run0377/00/03/./H1L1V1-FOREGROUND_MINIFOLLOWUP_FULL_DATA_FOREGROUND-1186740100-3400.dax_ID0000082.000/00/00/plot_qscan_ID10_ID0000011.meta,/mnt/poseidon-data/poseidon/workflows/pycbc/search/poseidon/submit/poseidon/pegasus/pycbc-search/run0377/00/03/./H1L1V1-FOREGROUND_MINIFOLLOWUP_FULL_DATA_FOREGROUND-1186740100-3400.dax_ID0000082.000/00/00/single_template_ID3_ID0000008.meta,/mnt/poseidon-data/poseidon/workflows/pycbc/search/poseidon/submit/poseidon/pegasus/pycbc-search/run0377/00/03/./H1L1V1-FOREGROUND_MINIFOLLOWUP_FULL_DATA_FOREGROUND-1186740100-3400.dax_ID0000082.000/00/00/single_template_ID3_ID0000006.meta,/mnt/poseidon-data/poseidon/workflows/pycbc/search/poseidon/submit/poseidon/pegasus/pycbc-search/run0377/00/03/./H1L1V1-FOREGROUND_MINIFOLLOWUP_FULL_DATA_FOREGROUND-1186740100-3400.dax_ID0000082.000/00/00/plot_qscan_ID10_ID0000013.meta --insert /mnt/poseidon-data/poseidon/workflows/pycbc/search/poseidon/submit/poseidon/pegasus/pycbc-search/run0377/00/03/./H1L1V1-FOREGROUND_MINIFOLLOWUP_FULL_DATA_FOREGROUND-1186740100-3400.dax_ID0000082.000/00/00/register_condorpool_0_0.in",3.4,0,0,,,,,,,,,
register_condorpool_0_0_pegasus-plan_ID0000084,None,auxiliary,0,1716392742.0,,,1716392747.0,,,0.0,1716392747.0,1716392752.0,,,0.0,1716392752.0,1716392757.0,5.0,,0.0,5.0,5.0,,,,,poseidon,local,poseidon-submit,pegasus::rc-client,/mnt/poseidon-data/poseidon/pegasus-5.1.0panorama/bin/pegasus-rc-client,"-n pegasus::rc-client -N null -R local  -L H1L1V1-FOREGROUND_MINIFOLLOWUP_FULL_DATA_BACKGROUND-1186740100-3400 -T 2024-03-13T22:37:56+00:00 /home/poseidon/pegasus-5.1.0panorama/bin/pegasus-rc-client --prefix pegasus.catalog.replica.output --conf /mnt/poseidon-data/poseidon/workflows/pycbc/search/poseidon/submit/poseidon/pegasus/pycbc-search/run0377/00/03/./H1L1V1-FOREGROUND_MINIFOLLOWUP_FULL_DATA_BACKGROUND-1186740100-3400.dax_ID0000084.000/pegasus.5733130372735510016.properties -v --meta /mnt/poseidon-data/poseidon/workflows/pycbc/search/poseidon/submit/poseidon/pegasus/pycbc-search/run0377/00/03/./H1L1V1-FOREGROUND_MINIFOLLOWUP_FULL_DATA_BACKGROUND-1186740100-3400.dax_ID0000084.000/00/00/single_template_ID3_ID0000006.meta,/mnt/poseidon-data/poseidon/workflows/pycbc/search/poseidon/submit/poseidon/pegasus/pycbc-search/run0377/00/03/./H1L1V1-FOREGROUND_MINIFOLLOWUP_FULL_DATA_BACKGROUND-1186740100-3400.dax_ID0000084.000/00/00/single_template_ID3_ID0000004.meta,/mnt/poseidon-data/poseidon/workflows/pycbc/search/poseidon/submit/poseidon/pegasus/pycbc-search/run0377/00/03/./H1L1V1-FOREGROUND_MINIFOLLOWUP_FULL_DATA_BACKGROUND-1186740100-3400.dax_ID0000084.000/00/00/plot_singles_timefreq_ID9_ID0000012.meta,/mnt/poseidon-data/poseidon/workflows/pycbc/search/poseidon/submit/poseidon/pegasus/pycbc-search/run0377/00/03/./H1L1V1-FOREGROUND_MINIFOLLOWUP_FULL_DATA_BACKGROUND-1186740100-3400.dax_ID0000084.000/00/00/single_template_ID3_ID0000008.meta,/mnt/poseidon-data/poseidon/workflows/pycbc/search/poseidon/submit/poseidon/pegasus/pycbc-search/run0377/00/03/./H1L1V1-FOREGROUND_MINIFOLLOWUP_FULL_DATA_BACKGROUND-1186740100-3400.dax_ID0000084.000/00/00/plot_qscan_ID10_ID0000011.meta,/mnt/poseidon-data/poseidon/workflows/pycbc/search/poseidon/submit/poseidon/pegasus/pycbc-search/run0377/00/03/./H1L1V1-FOREGROUND_MINIFOLLOWUP_FULL_DATA_BACKGROUND-1186740100-3400.dax_ID0000084.000/00/00/plot_qscan_ID10_ID0000013.meta --insert /mnt/poseidon-data/poseidon/workflows/pycbc/search/poseidon/submit/poseidon/pegasus/pycbc-search/run0377/00/03/./H1L1V1-FOREGROUND_MINIFOLLOWUP_FULL_DATA_BACKGROUND-1186740100-3400.dax_ID0000084.000/00/00/register_condorpool_0_0.in",3.3,0,0,,,,,,,,,
single_template_ID13_ID0000030_pegasus-plan_ID0000174,None,compute,0,1716392752.0,,,1716392757.0,1716392766.0,1716392795.0,66342993.8,1716392765.0,1716392852.0,1716392842.0,1716392845.0,3451911.0,1716392852.0,1716392857.0,5.0,,8.0,87.0,5.0,29.0,1509423236.0,3.0,9945232.0,poseidon,condorpool,poseidon-worker-2-container-0-3,single_template_ID13,/usr/local/bin/pycbc_single_template,,34.1,0,0,0.0,806926103.0,3439351.0,6143.0,91.0,27.2,5.8,10086576.3,114645.0
plot_trigger_timeseries_ID5_ID0000007_pegasus-plan_ID0000174,None,compute,0,1716392752.0,,,1716392757.0,1716392766.0,1716392794.0,63263430.4,1716392765.0,1716392812.0,1716392802.0,1716392805.0,7985.0,1716392812.0,1716392817.0,5.0,,8.0,47.0,5.0,28.0,1384343586.0,3.0,21844.0,poseidon,condorpool,poseidon-worker-1-container-12-15,plot_trigger_timeseries_ID5,/usr/local/bin/pycbc_plot_trigger_timeseries,,2.9,0,0,,,,,,,,,
single_template_ID13_ID0000016_pegasus-plan_ID0000174,cpu_2,compute,0,1716392752.0,,,1716392757.0,1716392767.0,1716392796.0,65784559.8,1716392765.0,1716392852.0,1716392842.0,1716392845.0,3448286.0,1716392852.0,1716392857.0,5.0,,8.0,87.0,5.0,29.0,1488846737.0,3.0,9945232.0,poseidon,condorpool,poseidon-worker-2-container-36-39,single_template_ID13,/usr/local/bin/pycbc_single_template,,33.5,0,0,0.0,690875697.0,7245465.0,6277.0,98.0,26.8,5.6,8635946.2,241515.5
single_template_ID13_ID0000038_pegasus-plan_ID0000174,None,compute,0,1716392752.0,,,1716392757.0,1716392766.0,1716392797.0,59863934.2,1716392765.0,1716392847.0,1716392834.0,1716392837.0,3467665.0,1716392847.0,1716392852.0,5.0,,8.0,82.0,5.0,31.0,1485694215.0,3.0,9945232.0,poseidon,condorpool,poseidon-worker-1-container-20-23,single_template_ID13,/usr/local/bin/pycbc_single_template,,32.3,0,0,0.0,660818353.0,28470.0,4893.0,27.0,25.7,4.1,11013639.2,2847.0
single_template_ID13_ID0000036_pegasus-plan_ID0000174,None,compute,0,1716392752.0,,,1716392757.0,1716392766.0,1716392796.0,62211642.1,1716392765.0,1716392847.0,1716392836.0,1716392839.0,3460081.0,1716392847.0,1716392852.0,5.0,,8.0,82.0,5.0,30.0,1509423236.0,3.0,9945232.0,poseidon,condorpool,poseidon-worker-1-container-16-19,single_template_ID13,/usr/local/bin/pycbc_single_template,,34.9,0,0,0.1,803162200.0,28470.0,4824.0,27.0,24.4,5.5,13386036.7,2847.0
page_snglinfo_ID2_ID0000004_pegasus-plan_ID0000174,cpu_2,compute,0,1716392752.0,,,1716392757.0,1716392766.0,1716392784.0,112562667.2,1716392765.0,1716392802.0,1716392793.0,1716392795.0,1329.0,1716392802.0,1716392807.0,5.0,,8.0,37.0,5.0,18.0,1381335238.0,2.0,3612.0,poseidon,condorpool,poseidon-worker-1-container-24-27,page_snglinfo_ID2,/usr/local/bin/pycbc_page_snglinfo,,2.8,0,0,,,,,,,,,
plot_trigger_timeseries_ID5_ID0000006_pegasus-plan_ID0000174,cpu_2,compute,0,1716392752.0,,,1716392757.0,1716392767.0,1716392804.0,43970576.5,1716392765.0,1716392822.0,1716392812.0,1716392815.0,6827.0,1716392822.0,1716392827.0,5.0,,8.0,57.0,5.0,37.0,1384343586.0,3.0,18479.0,poseidon,condorpool,poseidon-worker-2-container-32-35,plot_trigger_timeseries_ID5,/usr/local/bin/pycbc_plot_trigger_timeseries,,2.9,0,0,,,,,,,,,
page_snglinfo_ID2_ID0000005_pegasus-plan_ID0000174,None,compute,0,1716392752.0,,,1716392757.0,1716392767.0,1716392787.0,93589677.0,1716392765.0,1716392807.0,1716392796.0,1716392798.0,1331.0,1716392807.0,1716392812.0,5.0,,8.0,42.0,5.0,20.0,1381360531.0,2.0,3614.0,poseidon,condorpool,poseidon-worker-2-container-12-15,page_snglinfo_ID2,/usr/local/bin/pycbc_page_snglinfo,,3.0,0,0,,,,,,,,,
plot_singles_timefreq_ID7_ID0000010_pegasus-plan_ID0000174,None,compute,0,1716392752.0,,,1716392757.0,1716392766.0,1716392798.0,58355708.3,1716392765.0,1716392832.0,1716392821.0,1716392824.0,135151.0,1716392832.0,1716392837.0,5.0,,8.0,67.0,5.0,32.0,1490234488.0,3.0,386964.0,poseidon,condorpool,poseidon-worker-1-container-8-11,plot_singles_timefreq_ID7,/usr/local/bin/pycbc_plot_singles_timefreq,,17.2,0,0,0.0,689852446.0,63552.0,8663.0,45.0,12.2,2.6,22995081.5,3177.6
page_injinfo_ID0_ID0000001_pegasus-plan_ID0000174,cpu_2,compute,0,1716392752.0,,,1716392757.0,1716392767.0,1716392793.0,65618120.3,1716392765.0,1716392812.0,1716392801.0,1716392804.0,1196.0,1716392812.0,1716392817.0,5.0,,8.0,47.0,5.0,26.0,1379983284.0,3.0,3241.0,poseidon,condorpool,poseidon-worker-2-container-24-27,page_injinfo_ID0,/usr/local/bin/pycbc_page_injinfo,,2.5,0,0,,,,,,,,,
single_template_ID13_ID0000034_pegasus-plan_ID0000174,cpu_2,compute,0,1716392752.0,,,1716392757.0,1716392767.0,1716392805.0,46044081.1,1716392765.0,1716392852.0,1716392843.0,1716392845.0,3450336.0,1716392852.0,1716392857.0,5.0,,8.0,87.0,5.0,38.0,1488846737.0,2.0,9945232.0,poseidon,condorpool,poseidon-worker-2-container-16-19,single_template_ID13,/usr/local/bin/pycbc_single_template,,32.5,0,0,0.0,679700462.0,28470.0,4822.0,27.0,24.5,5.4,11328341.0,2847.0
page_coincinfo_ID1_ID0000002_pegasus-plan_ID0000174,None,compute,0,1716392752.0,,,1716392757.0,1716392766.0,1716392787.0,97846424.0,1716392765.0,1716392807.0,1716392795.0,1716392798.0,2334.0,1716392807.0,1716392812.0,5.0,,8.0,42.0,5.0,21.0,1384479100.0,3.0,6430.0,poseidon,condorpool,poseidon-worker-2-container-20-23,page_coincinfo_ID1,/usr/local/bin/pycbc_page_coincinfo,,2.9,0,0,,,,,,,,,
plot_qscan_ID8_ID0000009_pegasus-plan_ID0000174,cpu_2,compute,0,1716392752.0,,,1716392757.0,1716392766.0,1716392799.0,55897020.5,1716392765.0,1716392832.0,1716392822.0,1716392825.0,94856.0,1716392832.0,1716392837.0,5.0,,8.0,67.0,5.0,33.0,1485690844.0,3.0,262712.0,poseidon,condorpool,poseidon-worker-1-container-0-3,plot_qscan_ID8,/usr/local/bin/pycbc_plot_qscan,,17.0,0,0,0.0,670148635.0,63732.0,8294.0,46.0,12.6,2.3,22338287.8,3186.6
single_template_ID13_ID0000044_pegasus-plan_ID0000174,None,compute,0,1716392752.0,,,1716392757.0,1716392766.0,1716392800.0,54321916.7,1716392765.0,1716392847.0,1716392838.0,1716392841.0,3445180.0,1716392847.0,1716392852.0,5.0,,8.0,82.0,5.0,34.0,1485694215.0,3.0,9945232.0,poseidon,condorpool,poseidon-worker-2-container-4-7,single_template_ID13,/usr/local/bin/pycbc_single_template,,32.8,0,0,0.1,660785222.0,28470.0,4815.0,27.0,24.7,5.2,11013087.0,2847.0
single_template_ID13_ID0000022_pegasus-plan_ID0000174,cpu_2,compute,0,1716392752.0,,,1716392757.0,1716392767.0,1716392792.0,78671135.1,1716392766.0,1716392847.0,1716392838.0,1716392840.0,3462369.0,1716392847.0,1716392852.0,5.0,,9.0,81.0,5.0,25.0,1488846737.0,2.0,9945232.0,poseidon,condorpool,poseidon-worker-2-container-8-11,single_template_ID13,/usr/local/bin/pycbc_single_template,,32.6,0,0,0.1,694357531.0,11439777.0,6160.0,99.0,27.9,4.3,8679469.1,381325.9
single_template_ID13_ID0000046_pegasus-plan_ID0000174,cpu_2,compute,0,1716392752.0,,,1716392757.0,1716392766.0,1716392798.0,58376306.7,1716392765.0,1716392847.0,1716392835.0,1716392838.0,3480393.0,1716392847.0,1716392852.0,5.0,,8.0,82.0,5.0,32.0,1488846737.0,3.0,9945232.0,poseidon,condorpool,poseidon-worker-1-container-4-7,single_template_ID13,/usr/local/bin/pycbc_single_template,,32.4,0,0,0.0,679702826.0,28470.0,4828.0,27.0,25.6,4.2,11328380.4,2847.0
single_template_ID13_ID0000024_pegasus-plan_ID0000174,cpu_2,compute,0,1716392752.0,,,1716392757.0,1716392766.0,1716392805.0,46392673.0,1716392765.0,1716392862.0,1716392850.0,1716392853.0,3476297.0,1716392862.0,1716392867.0,5.0,,8.0,97.0,5.0,39.0,1509423236.0,3.0,9945232.0,poseidon,condorpool,poseidon-worker-1-container-44-47,single_template_ID13,/usr/local/bin/pycbc_single_template,,33.4,0,0,0.1,817846805.0,11439777.0,6294.0,99.0,28.5,4.4,10223085.1,381325.9
single_template_ID13_ID0000048_pegasus-plan_ID0000174,cpu_2,compute,0,1716392752.0,,,1716392757.0,1716392766.0,1716392802.0,51054157.0,1716392765.0,1716392852.0,1716392840.0,1716392843.0,3369714.0,1716392852.0,1716392857.0,5.0,,8.0,87.0,5.0,36.0,1509423236.0,3.0,9945232.0,poseidon,condorpool,poseidon-worker-1-container-40-43,single_template_ID13,/usr/local/bin/pycbc_single_template,,32.7,0,0,0.1,803189725.0,28470.0,4888.0,27.0,25.3,4.3,13386495.4,2847.0
single_template_ID13_ID0000026_pegasus-plan_ID0000174,None,compute,0,1716392752.0,,,1716392757.0,1716392766.0,1716392794.0,67384367.6,1716392765.0,1716392852.0,1716392841.0,1716392844.0,3464441.0,1716392852.0,1716392857.0,5.0,,8.0,87.0,5.0,28.0,1485694215.0,3.0,9945232.0,poseidon,condorpool,poseidon-worker-1-container-20-23,single_template_ID13,/usr/local/bin/pycbc_single_template,,33.2,0,0,0.0,664419745.0,3242743.0,6068.0,88.0,27.7,4.4,8305246.8,108091.4
single_template_ID13_ID0000028_pegasus-plan_ID0000174,cpu_2,compute,0,1716392752.0,,,1716392757.0,1716392766.0,1716392793.0,70649342.5,1716392765.0,1716392847.0,1716392838.0,1716392841.0,3489729.0,1716392847.0,1716392852.0,5.0,,8.0,82.0,5.0,27.0,1488846737.0,3.0,9945232.0,poseidon,condorpool,poseidon-worker-1-container-24-27,single_template_ID13,/usr/local/bin/pycbc_single_template,,33.2,0,0,0.1,694382783.0,17174313.0,6238.0,118.0,28.8,4.3,8679784.8,572477.1
plot_singles_timefreq_ID7_ID0000012_pegasus-plan_ID0000174,cpu_2,compute,0,1716392752.0,,,1716392757.0,1716392767.0,1716392801.0,52420925.6,1716392765.0,1716392837.0,1716392825.0,1716392828.0,139936.0,1716392837.0,1716392842.0,5.0,,8.0,72.0,5.0,34.0,1510836280.0,3.0,386369.0,poseidon,condorpool,poseidon-worker-2-container-28-31,plot_singles_timefreq_ID7,/usr/local/bin/pycbc_plot_singles_timefreq,,18.7,0,0,0.0,812277104.0,63122.0,8036.0,35.0,12.9,2.0,27075903.5,6312.2
single_template_ID13_ID0000032_pegasus-plan_ID0000174,cpu_2,compute,0,1716392752.0,,,1716392757.0,1716392766.0,1716392793.0,72618620.5,1716392765.0,1716392842.0,1716392832.0,1716392835.0,3460432.0,1716392842.0,1716392847.0,5.0,,8.0,77.0,5.0,27.0,1485694215.0,3.0,9945232.0,poseidon,condorpool,poseidon-worker-1-container-44-47,single_template_ID13,/usr/local/bin/pycbc_single_template,,33.0,0,0,0.0,660794909.0,28470.0,4843.0,27.0,24.4,5.4,11013248.5,2847.0
single_template_ID13_ID0000014_pegasus-plan_ID0000174,cpu_2,compute,0,1716392752.0,,,1716392757.0,1716392766.0,1716392787.0,101181052.0,1716392765.0,1716392847.0,1716392834.0,1716392837.0,3289549.0,1716392847.0,1716392852.0,5.0,,8.0,82.0,5.0,21.0,1485694215.0,3.0,9945232.0,poseidon,condorpool,poseidon-worker-1-container-40-43,single_template_ID13,/usr/local/bin/pycbc_single_template,,34.3,0,0,0.0,664663401.0,3504887.0,6131.0,92.0,27.2,5.8,8308292.5,116829.6
single_template_ID13_ID0000018_pegasus-plan_ID0000174,cpu_2,compute,0,1716392752.0,,,1716392757.0,1716392766.0,1716392802.0,50042487.2,1716392765.0,1716392857.0,1716392848.0,1716392851.0,3468241.0,1716392857.0,1716392862.0,5.0,,8.0,92.0,5.0,36.0,1509423236.0,3.0,9945232.0,poseidon,condorpool,poseidon-worker-1-container-32-35,single_template_ID13,/usr/local/bin/pycbc_single_template,,33.8,0,0,0.0,814334747.0,7245465.0,6086.0,98.0,28.8,4.2,10179184.3,241515.5
plot_singles_timefreq_ID7_ID0000008_pegasus-plan_ID0000174,cpu_2,compute,0,1716392752.0,,,1716392757.0,1716392766.0,1716392799.0,56264484.4,1716392765.0,1716392832.0,1716392822.0,1716392825.0,138910.0,1716392832.0,1716392837.0,5.0,,8.0,67.0,5.0,33.0,1487256035.0,3.0,382976.0,poseidon,condorpool,poseidon-worker-1-container-36-39,plot_singles_timefreq_ID7,/usr/local/bin/pycbc_plot_singles_timefreq,,16.9,0,0,0.1,671021983.0,63552.0,8717.0,45.0,12.7,2.2,22367399.4,3177.6
plot_qscan_ID8_ID0000011_pegasus-plan_ID0000174,cpu_2,compute,0,1716392752.0,,,1716392757.0,1716392767.0,1716392798.0,58841320.6,1716392765.0,1716392832.0,1716392820.0,1716392823.0,93986.0,1716392832.0,1716392837.0,5.0,,8.0,67.0,5.0,31.0,1488843366.0,3.0,259045.0,poseidon,condorpool,poseidon-worker-2-container-44-47,plot_qscan_ID8,/usr/local/bin/pycbc_plot_qscan,,16.5,0,0,0.0,689094126.0,63732.0,8360.0,46.0,12.6,2.2,22969804.2,3186.6
single_template_ID13_ID0000020_pegasus-plan_ID0000174,None,compute,0,1716392752.0,,,1716392757.0,1716392767.0,1716392794.0,71394324.5,1716392765.0,1716392852.0,1716392839.0,1716392842.0,3477044.0,1716392852.0,1716392857.0,5.0,,8.0,87.0,5.0,27.0,1485694215.0,3.0,9945232.0,poseidon,condorpool,poseidon-worker-2-container-40-43,single_template_ID13,/usr/local/bin/pycbc_single_template,,33.6,0,0,0.1,675470319.0,7245465.0,6261.0,98.0,27.3,5.6,8443379.0,241515.5
single_template_ID13_ID0000042_pegasus-plan_ID0000174,None,compute,0,1716392752.0,,,1716392757.0,1716392765.0,1716392796.0,59628426.3,1716392764.0,1716392847.0,1716392834.0,1716392837.0,3451494.0,1716392847.0,1716392852.0,5.0,,7.0,83.0,5.0,31.0,1509423236.0,3.0,9945232.0,poseidon,condorpool,poseidon-worker-2-container-40-43,single_template_ID13,/usr/local/bin/pycbc_single_template,,32.8,0,0,0.0,803193844.0,28470.0,4896.0,27.0,25.6,4.2,13386564.1,2847.0
plot_qscan_ID8_ID0000013_pegasus-plan_ID0000174,cpu_2,compute,0,1716392752.0,,,1716392757.0,1716392766.0,1716392785.0,121402388.2,1716392765.0,1716392822.0,1716392808.0,1716392811.0,107291.0,1716392822.0,1716392827.0,5.0,,8.0,57.0,5.0,19.0,1509419865.0,3.0,295160.0,poseidon,condorpool,poseidon-worker-1-container-28-31,plot_qscan_ID8,/usr/local/bin/pycbc_plot_qscan,,17.8,0,0,0.1,812418137.0,63205.0,8263.0,37.0,12.7,2.2,27080604.6,3160.2
single_template_ID13_ID0000040_pegasus-plan_ID0000174,cpu_2,compute,0,1716392752.0,,,1716392757.0,1716392758.0,1716392775.0,143569700.0,1716392757.0,1716392827.0,1716392815.0,1716392818.0,3479609.0,1716392827.0,1716392832.0,5.0,,0.0,70.0,5.0,17.0,1488846737.0,3.0,9945232.0,poseidon,condorpool,poseidon-worker-2-container-44-47,single_template_ID13,/usr/local/bin/pycbc_single_template,,33.4,0,0,0.1,679752865.0,28470.0,4936.0,27.0,22.9,5.7,11329214.4,2847.0
page_snglinfo_ID2_ID0000003_pegasus-plan_ID0000174,None,compute,0,1716392752.0,,,1716392757.0,1716392758.0,1716392774.0,135401917.6,1716392757.0,1716392792.0,1716392783.0,1716392786.0,1322.0,1716392792.0,1716392797.0,5.0,,0.0,35.0,5.0,16.0,1381509307.0,3.0,3614.0,poseidon,condorpool,poseidon-worker-2-container-0-3,page_snglinfo_ID2,/usr/local/bin/pycbc_page_snglinfo,,3.2,0,0,,,,,,,,,
register_condorpool_0_1_pegasus-plan_ID0000084,None,auxiliary,0,1716392757.0,,,1716392762.0,,,0.0,1716392762.0,1716392767.0,,,0.0,1716392767.0,1716392772.0,5.0,,0.0,5.0,5.0,,,,,poseidon,local,poseidon-submit,pegasus::rc-client,/mnt/poseidon-data/poseidon/pegasus-5.1.0panorama/bin/pegasus-rc-client,"-n pegasus::rc-client -N null -R local  -L H1L1V1-FOREGROUND_MINIFOLLOWUP_FULL_DATA_BACKGROUND-1186740100-3400 -T 2024-03-13T22:37:56+00:00 /home/poseidon/pegasus-5.1.0panorama/bin/pegasus-rc-client --prefix pegasus.catalog.replica.output --conf /mnt/poseidon-data/poseidon/workflows/pycbc/search/poseidon/submit/poseidon/pegasus/pycbc-search/run0377/00/03/./H1L1V1-FOREGROUND_MINIFOLLOWUP_FULL_DATA_BACKGROUND-1186740100-3400.dax_ID0000084.000/pegasus.5733130372735510016.properties -v --meta /mnt/poseidon-data/poseidon/workflows/pycbc/search/poseidon/submit/poseidon/pegasus/pycbc-search/run0377/00/03/./H1L1V1-FOREGROUND_MINIFOLLOWUP_FULL_DATA_BACKGROUND-1186740100-3400.dax_ID0000084.000/00/00/plot_singles_timefreq_ID9_ID0000010.meta,/mnt/poseidon-data/poseidon/workflows/pycbc/search/poseidon/submit/poseidon/pegasus/pycbc-search/run0377/00/03/./H1L1V1-FOREGROUND_MINIFOLLOWUP_FULL_DATA_BACKGROUND-1186740100-3400.dax_ID0000084.000/00/00/plot_trigger_timeseries_ID1_ID0000003.meta,/mnt/poseidon-data/poseidon/workflows/pycbc/search/poseidon/submit/poseidon/pegasus/pycbc-search/run0377/00/03/./H1L1V1-FOREGROUND_MINIFOLLOWUP_FULL_DATA_BACKGROUND-1186740100-3400.dax_ID0000084.000/00/00/plot_singles_timefreq_ID9_ID0000014.meta,/mnt/poseidon-data/poseidon/workflows/pycbc/search/poseidon/submit/poseidon/pegasus/pycbc-search/run0377/00/03/./H1L1V1-FOREGROUND_MINIFOLLOWUP_FULL_DATA_BACKGROUND-1186740100-3400.dax_ID0000084.000/00/00/plot_trigger_timeseries_ID1_ID0000002.meta,/mnt/poseidon-data/poseidon/workflows/pycbc/search/poseidon/submit/poseidon/pegasus/pycbc-search/run0377/00/03/./H1L1V1-FOREGROUND_MINIFOLLOWUP_FULL_DATA_BACKGROUND-1186740100-3400.dax_ID0000084.000/00/00/plot_qscan_ID10_ID0000015.meta,/mnt/poseidon-data/poseidon/workflows/pycbc/search/poseidon/submit/poseidon/pegasus/pycbc-search/run0377/00/03/./H1L1V1-FOREGROUND_MINIFOLLOWUP_FULL_DATA_BACKGROUND-1186740100-3400.dax_ID0000084.000/00/00/page_coincinfo_ID0_ID0000001.meta --insert /mnt/poseidon-data/poseidon/workflows/pycbc/search/poseidon/submit/poseidon/pegasus/pycbc-search/run0377/00/03/./H1L1V1-FOREGROUND_MINIFOLLOWUP_FULL_DATA_BACKGROUND-1186740100-3400.dax_ID0000084.000/00/00/register_condorpool_0_1.in",3.3,0,0,,,,,,,,,
register_condorpool_11_1,None,auxiliary,0,1716392760.0,,,1716392775.0,,,0.0,1716392775.0,1716392780.0,,,0.0,1716392780.0,1716392785.0,15.0,,0.0,5.0,5.0,,,,,poseidon,local,poseidon-submit,pegasus::rc-client,/mnt/poseidon-data/poseidon/pegasus-5.1.0panorama/bin/pegasus-rc-client,"pegasus-kickstart  -n pegasus::rc-client -N null -R local  -L pycbc-search -T 2024-03-27T21:26:08+00:00 /home/poseidon/pegasus-5.1.0panorama/bin/pegasus-rc-client --prefix pegasus.catalog.replica.output --conf /mnt/poseidon-data/poseidon/workflows/pycbc/search/poseidon/submit/poseidon/pegasus/pycbc-search/run0377/pegasus.111206368763219812.properties -v --meta /mnt/poseidon-data/poseidon/workflows/pycbc/search/poseidon/submit/poseidon/pegasus/pycbc-search/run0377/00/03/plot_hist_ID52_ID0000058.meta,/mnt/poseidon-data/poseidon/workflows/pycbc/search/poseidon/submit/poseidon/pegasus/pycbc-search/run0377/00/03/plot_binnedhist_ID54_ID0000055.meta,/mnt/poseidon-data/poseidon/workflows/pycbc/search/poseidon/submit/poseidon/pegasus/pycbc-search/run0377/00/03/hdfinjfind_ID149_ID0000158.meta,/mnt/poseidon-data/poseidon/workflows/pycbc/search/poseidon/submit/poseidon/pegasus/pycbc-search/run0377/00/03/plot_singles_ID51_ID0000060.meta,/mnt/poseidon-data/poseidon/workflows/pycbc/search/poseidon/submit/poseidon/pegasus/pycbc-search/run0377/00/03/plot_hist_ID52_ID0000054.meta,/mnt/poseidon-data/poseidon/workflows/pycbc/search/poseidon/submit/poseidon/pegasus/pycbc-search/run0377/00/03/plot_hist_ID52_ID0000062.meta,/mnt/poseidon-data/poseidon/workflows/pycbc/search/poseidon/submit/poseidon/pegasus/pycbc-search/run0377/00/03/plot_snrchi_ID48_ID0000049.meta,/mnt/poseidon-data/poseidon/workflows/pycbc/search/poseidon/submit/poseidon/pegasus/pycbc-search/run0377/00/03/plot_snrchi_ID48_ID0000051.meta --insert /mnt/poseidon-data/poseidon/workflows/pycbc/search/poseidon/submit/poseidon/pegasus/pycbc-search/run0377/00/03/register_condorpool_11_1.in",3.2,0,0,,,,,,,,,
register_condorpool_11_0,None,auxiliary,0,1716392760.0,,,1716392765.0,,,0.0,1716392765.0,1716392770.0,,,0.0,1716392770.0,1716392775.0,5.0,,0.0,5.0,5.0,,,,,poseidon,local,poseidon-submit,pegasus::rc-client,/mnt/poseidon-data/poseidon/pegasus-5.1.0panorama/bin/pegasus-rc-client,"pegasus-kickstart  -n pegasus::rc-client -N null -R local  -L pycbc-search -T 2024-03-27T21:26:08+00:00 /home/poseidon/pegasus-5.1.0panorama/bin/pegasus-rc-client --prefix pegasus.catalog.replica.output --conf /mnt/poseidon-data/poseidon/workflows/pycbc/search/poseidon/submit/poseidon/pegasus/pycbc-search/run0377/pegasus.111206368763219812.properties -v --meta /mnt/poseidon-data/poseidon/workflows/pycbc/search/poseidon/submit/poseidon/pegasus/pycbc-search/run0377/00/03/hdfinjfind_ID149_ID0000159.meta,/mnt/poseidon-data/poseidon/workflows/pycbc/search/poseidon/submit/poseidon/pegasus/pycbc-search/run0377/00/03/plot_binnedhist_ID54_ID0000059.meta,/mnt/poseidon-data/poseidon/workflows/pycbc/search/poseidon/submit/poseidon/pegasus/pycbc-search/run0377/00/03/plot_singles_ID51_ID0000052.meta,/mnt/poseidon-data/poseidon/workflows/pycbc/search/poseidon/submit/poseidon/pegasus/pycbc-search/run0377/00/03/plot_hist_ID52_ID0000057.meta,/mnt/poseidon-data/poseidon/workflows/pycbc/search/poseidon/submit/poseidon/pegasus/pycbc-search/run0377/00/03/plot_hist_ID52_ID0000053.meta,/mnt/poseidon-data/poseidon/workflows/pycbc/search/poseidon/submit/poseidon/pegasus/pycbc-search/run0377/00/03/plot_snrchi_ID48_ID0000050.meta,/mnt/poseidon-data/poseidon/workflows/pycbc/search/poseidon/submit/poseidon/pegasus/pycbc-search/run0377/00/03/plot_binnedhist_ID54_ID0000063.meta,/mnt/poseidon-data/poseidon/workflows/pycbc/search/poseidon/submit/poseidon/pegasus/pycbc-search/run0377/00/03/plot_singles_ID51_ID0000056.meta,/mnt/poseidon-data/poseidon/workflows/pycbc/search/poseidon/submit/poseidon/pegasus/pycbc-search/run0377/00/03/plot_hist_ID52_ID0000061.meta --insert /mnt/poseidon-data/poseidon/workflows/pycbc/search/poseidon/submit/poseidon/pegasus/pycbc-search/run0377/00/03/register_condorpool_11_0.in",3.3,0,0,,,,,,,,,
stage_out_local_condorpool_1_0_pegasus-plan_ID0000082,None,transfer,0,1716392787.0,,,1716392792.0,,,0.0,1716392798.0,1716392812.0,1716392799.0,1716392803.0,79480.0,1716392812.0,1716392817.0,5.0,,6.0,14.0,5.0,,,4.0,320654.0,poseidon,local,poseidon-submit,pegasus::transfer,/mnt/poseidon-data/poseidon/pegasus-5.1.0panorama/bin/pegasus-transfer,/home/poseidon/pegasus-5.1.0panorama/bin/../bin/pegasus-kickstart  -n pegasus::transfer -N null -i - -R local  -L H1L1V1-FOREGROUND_MINIFOLLOWUP_FULL_DATA_FOREGROUND-1186740100-3400 -T 2024-03-13T22:37:56+00:00 /home/poseidon/pegasus-5.1.0panorama/bin/../bin/pegasus-transfer  --threads 2,0.5,0,0,,,,,,,,,
stage_out_local_condorpool_1_0_pegasus-plan_ID0000084,None,transfer,0,1716392787.0,,,1716392792.0,,,0.0,1716392792.0,1716392802.0,1716392792.0,1716392797.0,89644.0,1716392802.0,1716392807.0,5.0,,0.0,10.0,5.0,,,5.0,361900.0,poseidon,local,poseidon-submit,pegasus::transfer,/mnt/poseidon-data/poseidon/pegasus-5.1.0panorama/bin/pegasus-transfer,/home/poseidon/pegasus-5.1.0panorama/bin/../bin/pegasus-kickstart  -n pegasus::transfer -N null -i - -R local  -L H1L1V1-FOREGROUND_MINIFOLLOWUP_FULL_DATA_BACKGROUND-1186740100-3400 -T 2024-03-13T22:37:56+00:00 /home/poseidon/pegasus-5.1.0panorama/bin/../bin/pegasus-transfer  --threads 2,0.5,0,0,,,,,,,,,
stage_out_local_condorpool_12_2,None,transfer,0,1716392795.0,,,1716392800.0,,,0.0,1716392802.0,1716392815.0,1716392802.0,1716392806.0,102395.0,1716392815.0,1716392820.0,5.0,,2.0,13.0,5.0,,,4.0,413486.0,poseidon,local,poseidon-submit,pegasus::transfer,/mnt/poseidon-data/poseidon/pegasus-5.1.0panorama/bin/pegasus-transfer,pegasus-kickstart  -n pegasus::transfer -N null -i - -R local  -L pycbc-search -T 2024-03-27T21:26:08+00:00 pegasus-transfer  --threads 2,1.0,0,0,,,,,,,,,
stage_out_local_condorpool_12_1,None,transfer,0,1716392795.0,,,1716392800.0,,,0.0,1716392802.0,1716392815.0,1716392802.0,1716392806.0,99432.0,1716392815.0,1716392820.0,5.0,,2.0,13.0,5.0,,,4.0,401132.0,poseidon,local,poseidon-submit,pegasus::transfer,/mnt/poseidon-data/poseidon/pegasus-5.1.0panorama/bin/pegasus-transfer,pegasus-kickstart  -n pegasus::transfer -N null -i - -R local  -L pycbc-search -T 2024-03-27T21:26:08+00:00 pegasus-transfer  --threads 2,1.0,0,0,,,,,,,,,
stage_out_local_condorpool_12_0,None,transfer,0,1716392795.0,,,1716392800.0,,,0.0,1716392802.0,1716392815.0,1716392802.0,1716392806.0,173225.0,1716392815.0,1716392820.0,5.0,,2.0,13.0,5.0,,,4.0,698846.0,poseidon,local,poseidon-submit,pegasus::transfer,/mnt/poseidon-data/poseidon/pegasus-5.1.0panorama/bin/pegasus-transfer,pegasus-kickstart  -n pegasus::transfer -N null -i - -R local  -L pycbc-search -T 2024-03-27T21:26:08+00:00 pegasus-transfer  --threads 2,0.9,0,0,,,,,,,,,
register_condorpool_1_0_pegasus-plan_ID0000084,None,auxiliary,0,1716392807.0,,,1716392812.0,,,0.0,1716392812.0,1716392817.0,,,0.0,1716392817.0,1716392822.0,5.0,,0.0,5.0,5.0,,,,,poseidon,local,poseidon-submit,pegasus::rc-client,/mnt/poseidon-data/poseidon/pegasus-5.1.0panorama/bin/pegasus-rc-client,"-n pegasus::rc-client -N null -R local  -L H1L1V1-FOREGROUND_MINIFOLLOWUP_FULL_DATA_BACKGROUND-1186740100-3400 -T 2024-03-13T22:37:56+00:00 /home/poseidon/pegasus-5.1.0panorama/bin/pegasus-rc-client --prefix pegasus.catalog.replica.output --conf /mnt/poseidon-data/poseidon/workflows/pycbc/search/poseidon/submit/poseidon/pegasus/pycbc-search/run0377/00/03/./H1L1V1-FOREGROUND_MINIFOLLOWUP_FULL_DATA_BACKGROUND-1186740100-3400.dax_ID0000084.000/pegasus.5733130372735510016.properties -v --meta /mnt/poseidon-data/poseidon/workflows/pycbc/search/poseidon/submit/poseidon/pegasus/pycbc-search/run0377/00/03/./H1L1V1-FOREGROUND_MINIFOLLOWUP_FULL_DATA_BACKGROUND-1186740100-3400.dax_ID0000084.000/00/00/single_template_plot_ID4_ID0000009.meta,/mnt/poseidon-data/poseidon/workflows/pycbc/search/poseidon/submit/poseidon/pegasus/pycbc-search/run0377/00/03/./H1L1V1-FOREGROUND_MINIFOLLOWUP_FULL_DATA_BACKGROUND-1186740100-3400.dax_ID0000084.000/00/00/single_template_plot_ID4_ID0000005.meta,/mnt/poseidon-data/poseidon/workflows/pycbc/search/poseidon/submit/poseidon/pegasus/pycbc-search/run0377/00/03/./H1L1V1-FOREGROUND_MINIFOLLOWUP_FULL_DATA_BACKGROUND-1186740100-3400.dax_ID0000084.000/00/00/single_template_plot_ID4_ID0000007.meta --insert /mnt/poseidon-data/poseidon/workflows/pycbc/search/poseidon/submit/poseidon/pegasus/pycbc-search/run0377/00/03/./H1L1V1-FOREGROUND_MINIFOLLOWUP_FULL_DATA_BACKGROUND-1186740100-3400.dax_ID0000084.000/00/00/register_condorpool_1_0.in",3.3,0,0,,,,,,,,,
register_condorpool_1_0_pegasus-plan_ID0000082,None,auxiliary,0,1716392817.0,,,1716392822.0,,,0.0,1716392827.0,1716392832.0,,,0.0,1716392832.0,1716392837.0,5.0,,5.0,5.0,5.0,,,,,poseidon,local,poseidon-submit,pegasus::rc-client,/mnt/poseidon-data/poseidon/pegasus-5.1.0panorama/bin/pegasus-rc-client,"-n pegasus::rc-client -N null -R local  -L H1L1V1-FOREGROUND_MINIFOLLOWUP_FULL_DATA_FOREGROUND-1186740100-3400 -T 2024-03-13T22:37:56+00:00 /home/poseidon/pegasus-5.1.0panorama/bin/pegasus-rc-client --prefix pegasus.catalog.replica.output --conf /mnt/poseidon-data/poseidon/workflows/pycbc/search/poseidon/submit/poseidon/pegasus/pycbc-search/run0377/00/03/./H1L1V1-FOREGROUND_MINIFOLLOWUP_FULL_DATA_FOREGROUND-1186740100-3400.dax_ID0000082.000/pegasus.11996594034838530924.properties -v --meta /mnt/poseidon-data/poseidon/workflows/pycbc/search/poseidon/submit/poseidon/pegasus/pycbc-search/run0377/00/03/./H1L1V1-FOREGROUND_MINIFOLLOWUP_FULL_DATA_FOREGROUND-1186740100-3400.dax_ID0000082.000/00/00/single_template_plot_ID4_ID0000009.meta,/mnt/poseidon-data/poseidon/workflows/pycbc/search/poseidon/submit/poseidon/pegasus/pycbc-search/run0377/00/03/./H1L1V1-FOREGROUND_MINIFOLLOWUP_FULL_DATA_FOREGROUND-1186740100-3400.dax_ID0000082.000/00/00/single_template_plot_ID4_ID0000005.meta,/mnt/poseidon-data/poseidon/workflows/pycbc/search/poseidon/submit/poseidon/pegasus/pycbc-search/run0377/00/03/./H1L1V1-FOREGROUND_MINIFOLLOWUP_FULL_DATA_FOREGROUND-1186740100-3400.dax_ID0000082.000/00/00/single_template_plot_ID4_ID0000007.meta --insert /mnt/poseidon-data/poseidon/workflows/pycbc/search/poseidon/submit/poseidon/pegasus/pycbc-search/run0377/00/03/./H1L1V1-FOREGROUND_MINIFOLLOWUP_FULL_DATA_FOREGROUND-1186740100-3400.dax_ID0000082.000/00/00/register_condorpool_1_0.in",3.2,0,0,,,,,,,,,
stage_out_local_condorpool_0_1_pegasus-plan_ID0000174,None,transfer,0,1716392817.0,,,1716392822.0,,,0.0,1716392822.0,1716392832.0,1716392822.0,1716392826.0,7110.0,1716392832.0,1716392837.0,5.0,,0.0,10.0,5.0,,,4.0,28699.0,poseidon,local,poseidon-submit,pegasus::transfer,/mnt/poseidon-data/poseidon/pegasus-5.1.0panorama/bin/pegasus-transfer,/home/poseidon/pegasus-5.1.0panorama/bin/../bin/pegasus-kickstart  -n pegasus::transfer -N null -i - -R local  -L H1L1V1-INJECTION_MINIFOLLOWUP_BBH-1186740100-3400 -T 2024-03-13T22:37:56+00:00 /home/poseidon/pegasus-5.1.0panorama/bin/../bin/pegasus-transfer  --threads 2,0.5,0,0,,,,,,,,,
register_condorpool_12_0,None,auxiliary,0,1716392820.0,,,1716392825.0,,,0.0,1716392827.0,1716392830.0,,,0.0,1716392830.0,1716392835.0,5.0,,2.0,3.0,5.0,,,,,poseidon,local,poseidon-submit,pegasus::rc-client,/mnt/poseidon-data/poseidon/pegasus-5.1.0panorama/bin/pegasus-rc-client,"pegasus-kickstart  -n pegasus::rc-client -N null -R local  -L pycbc-search -T 2024-03-27T21:26:08+00:00 /home/poseidon/pegasus-5.1.0panorama/bin/pegasus-rc-client --prefix pegasus.catalog.replica.output --conf /mnt/poseidon-data/poseidon/workflows/pycbc/search/poseidon/submit/poseidon/pegasus/pycbc-search/run0377/pegasus.111206368763219812.properties -v --meta /mnt/poseidon-data/poseidon/workflows/pycbc/search/poseidon/submit/poseidon/pegasus/pycbc-search/run0377/00/04/plot_foundmissed_ID151_ID0000183.meta,/mnt/poseidon-data/poseidon/workflows/pycbc/search/poseidon/submit/poseidon/pegasus/pycbc-search/run0377/00/03/plot_coinc_snrchi_ID155_ID0000167.meta,/mnt/poseidon-data/poseidon/workflows/pycbc/search/poseidon/submit/poseidon/pegasus/pycbc-search/run0377/00/03/plot_coinc_snrchi_ID155_ID0000164.meta,/mnt/poseidon-data/poseidon/workflows/pycbc/search/poseidon/submit/poseidon/pegasus/pycbc-search/run0377/00/03/plot_coinc_snrchi_ID155_ID0000170.meta,/mnt/poseidon-data/poseidon/workflows/pycbc/search/poseidon/submit/poseidon/pegasus/pycbc-search/run0377/00/03/plot_coinc_snrchi_ID155_ID0000172.meta,/mnt/poseidon-data/poseidon/workflows/pycbc/search/poseidon/submit/poseidon/pegasus/pycbc-search/run0377/00/04/plot_coinc_snrchi_ID155_ID0000168.meta,/mnt/poseidon-data/poseidon/workflows/pycbc/search/poseidon/submit/poseidon/pegasus/pycbc-search/run0377/00/04/plot_foundmissed_ID151_ID0000179.meta --insert /mnt/poseidon-data/poseidon/workflows/pycbc/search/poseidon/submit/poseidon/pegasus/pycbc-search/run0377/00/04/register_condorpool_12_0.in",3.5,0,0,,,,,,,,,
register_condorpool_12_1,None,auxiliary,0,1716392820.0,,,1716392835.0,,,0.0,1716392838.0,1716392840.0,,,0.0,1716392840.0,1716392845.0,15.0,,3.0,2.0,5.0,,,,,poseidon,local,poseidon-submit,pegasus::rc-client,/mnt/poseidon-data/poseidon/pegasus-5.1.0panorama/bin/pegasus-rc-client,"pegasus-kickstart  -n pegasus::rc-client -N null -R local  -L pycbc-search -T 2024-03-27T21:26:08+00:00 /home/poseidon/pegasus-5.1.0panorama/bin/pegasus-rc-client --prefix pegasus.catalog.replica.output --conf /mnt/poseidon-data/poseidon/workflows/pycbc/search/poseidon/submit/poseidon/pegasus/pycbc-search/run0377/pegasus.111206368763219812.properties -v --meta /mnt/poseidon-data/poseidon/workflows/pycbc/search/poseidon/submit/poseidon/pegasus/pycbc-search/run0377/00/04/plot_coinc_snrchi_ID155_ID0000171.meta,/mnt/poseidon-data/poseidon/workflows/pycbc/search/poseidon/submit/poseidon/pegasus/pycbc-search/run0377/00/04/plot_sensitivity_ID166_ID0000180.meta,/mnt/poseidon-data/poseidon/workflows/pycbc/search/poseidon/submit/poseidon/pegasus/pycbc-search/run0377/00/04/plot_foundmissed_ID151_ID0000182.meta,/mnt/poseidon-data/poseidon/workflows/pycbc/search/poseidon/submit/poseidon/pegasus/pycbc-search/run0377/00/03/plot_coinc_snrchi_ID155_ID0000166.meta,/mnt/poseidon-data/poseidon/workflows/pycbc/search/poseidon/submit/poseidon/pegasus/pycbc-search/run0377/00/03/page_injections_ID153_ID0000163.meta,/mnt/poseidon-data/poseidon/workflows/pycbc/search/poseidon/submit/poseidon/pegasus/pycbc-search/run0377/00/03/plot_foundmissed_ID151_ID0000161.meta,/mnt/poseidon-data/poseidon/workflows/pycbc/search/poseidon/submit/poseidon/pegasus/pycbc-search/run0377/00/04/plot_sensitivity_ID166_ID0000177.meta --insert /mnt/poseidon-data/poseidon/workflows/pycbc/search/poseidon/submit/poseidon/pegasus/pycbc-search/run0377/00/04/register_condorpool_12_1.in",3.3,0,0,,,,,,,,,
register_condorpool_12_2,None,auxiliary,0,1716392820.0,,,1716392845.0,,,0.0,1716392848.0,1716392850.0,,,0.0,1716392850.0,1716392855.0,25.0,,3.0,2.0,5.0,,,,,poseidon,local,poseidon-submit,pegasus::rc-client,/mnt/poseidon-data/poseidon/pegasus-5.1.0panorama/bin/pegasus-rc-client,"pegasus-kickstart  -n pegasus::rc-client -N null -R local  -L pycbc-search -T 2024-03-27T21:26:08+00:00 /home/poseidon/pegasus-5.1.0panorama/bin/pegasus-rc-client --prefix pegasus.catalog.replica.output --conf /mnt/poseidon-data/poseidon/workflows/pycbc/search/poseidon/submit/poseidon/pegasus/pycbc-search/run0377/pegasus.111206368763219812.properties -v --meta /mnt/poseidon-data/poseidon/workflows/pycbc/search/poseidon/submit/poseidon/pegasus/pycbc-search/run0377/00/04/plot_foundmissed_ID151_ID0000178.meta,/mnt/poseidon-data/poseidon/workflows/pycbc/search/poseidon/submit/poseidon/pegasus/pycbc-search/run0377/00/03/plot_foundmissed_ID151_ID0000160.meta,/mnt/poseidon-data/poseidon/workflows/pycbc/search/poseidon/submit/poseidon/pegasus/pycbc-search/run0377/00/03/plot_coinc_snrchi_ID155_ID0000165.meta,/mnt/poseidon-data/poseidon/workflows/pycbc/search/poseidon/submit/poseidon/pegasus/pycbc-search/run0377/00/04/plot_coinc_snrchi_ID155_ID0000169.meta,/mnt/poseidon-data/poseidon/workflows/pycbc/search/poseidon/submit/poseidon/pegasus/pycbc-search/run0377/00/04/plot_sensitivity_ID166_ID0000181.meta,/mnt/poseidon-data/poseidon/workflows/pycbc/search/poseidon/submit/poseidon/pegasus/pycbc-search/run0377/00/03/page_injections_ID153_ID0000162.meta,/mnt/poseidon-data/poseidon/workflows/pycbc/search/poseidon/submit/poseidon/pegasus/pycbc-search/run0377/00/04/plot_sensitivity_ID166_ID0000176.meta --insert /mnt/poseidon-data/poseidon/workflows/pycbc/search/poseidon/submit/poseidon/pegasus/pycbc-search/run0377/00/04/register_condorpool_12_2.in",3.4,0,0,,,,,,,,,
stage_out_local_condorpool_0_3_pegasus-plan_ID0000174,None,transfer,0,1716392827.0,,,1716392832.0,,,0.0,1716392832.0,1716392842.0,1716392832.0,1716392836.0,74778.0,1716392842.0,1716392847.0,5.0,,0.0,10.0,5.0,,,4.0,301590.0,poseidon,local,poseidon-submit,pegasus::transfer,/mnt/poseidon-data/poseidon/pegasus-5.1.0panorama/bin/pegasus-transfer,/home/poseidon/pegasus-5.1.0panorama/bin/../bin/pegasus-kickstart  -n pegasus::transfer -N null -i - -R local  -L H1L1V1-INJECTION_MINIFOLLOWUP_BBH-1186740100-3400 -T 2024-03-13T22:37:56+00:00 /home/poseidon/pegasus-5.1.0panorama/bin/../bin/pegasus-transfer  --threads 2,0.4,0,0,,,,,,,,,
single_template_plot_ID14_ID0000041_pegasus-plan_ID0000174,cpu_2,compute,0,1716392832.0,,,1716392837.0,1716392839.0,1716392855.0,133524629.8,1716392838.0,1716392872.0,1716392863.0,1716392866.0,28305.0,1716392872.0,1716392877.0,5.0,,1.0,34.0,5.0,16.0,1389826192.0,3.0,82957.0,poseidon,condorpool,poseidon-worker-2-container-44-47,single_template_plot_ID14,/usr/local/bin/pycbc_single_template_plot,,3.0,0,0,,,,,,,,,
stage_out_local_condorpool_0_2_pegasus-plan_ID0000174,None,transfer,0,1716392837.0,,,1716392842.0,,,0.0,1716392842.0,1716392852.0,1716392842.0,1716392846.0,255286.0,1716392852.0,1716392857.0,5.0,,0.0,10.0,5.0,,,4.0,1028985.0,poseidon,local,poseidon-submit,pegasus::transfer,/mnt/poseidon-data/poseidon/pegasus-5.1.0panorama/bin/pegasus-transfer,/home/poseidon/pegasus-5.1.0panorama/bin/../bin/pegasus-kickstart  -n pegasus::transfer -N null -i - -R local  -L H1L1V1-INJECTION_MINIFOLLOWUP_BBH-1186740100-3400 -T 2024-03-13T22:37:56+00:00 /home/poseidon/pegasus-5.1.0panorama/bin/../bin/pegasus-transfer  --threads 2,0.5,0,0,,,,,,,,,
stage_out_local_condorpool_0_0_pegasus-plan_ID0000174,None,transfer,0,1716392842.0,,,1716392847.0,,,0.0,1716392848.0,1716392857.0,1716392848.0,1716392852.0,167174.0,1716392857.0,1716392862.0,5.0,,1.0,9.0,5.0,,,4.0,674786.0,poseidon,local,poseidon-submit,pegasus::transfer,/mnt/poseidon-data/poseidon/pegasus-5.1.0panorama/bin/pegasus-transfer,/home/poseidon/pegasus-5.1.0panorama/bin/../bin/pegasus-kickstart  -n pegasus::transfer -N null -i - -R local  -L H1L1V1-INJECTION_MINIFOLLOWUP_BBH-1186740100-3400 -T 2024-03-13T22:37:56+00:00 /home/poseidon/pegasus-5.1.0panorama/bin/../bin/pegasus-transfer  --threads 2,0.7,0,0,,,,,,,,,
single_template_plot_ID14_ID0000033_pegasus-plan_ID0000174,cpu_2,compute,0,1716392847.0,,,1716392852.0,1716392853.0,1716392870.0,132966974.8,1716392853.0,1716392892.0,1716392878.0,1716392881.0,27221.0,1716392892.0,1716392897.0,5.0,,1.0,39.0,5.0,17.0,1389826192.0,3.0,83030.0,poseidon,condorpool,poseidon-worker-1-container-4-7,single_template_plot_ID14,/usr/local/bin/pycbc_single_template_plot,,3.0,0,0,,,,,,,,,
single_template_plot_ID14_ID0000047_pegasus-plan_ID0000174,cpu_2,compute,0,1716392852.0,,,1716392857.0,1716392859.0,1716392875.0,129417420.4,1716392858.0,1716392897.0,1716392883.0,1716392886.0,30020.0,1716392897.0,1716392902.0,5.0,,1.0,39.0,5.0,16.0,1389826192.0,3.0,82377.0,poseidon,condorpool,poseidon-worker-2-container-16-19,single_template_plot_ID14,/usr/local/bin/pycbc_single_template_plot,,2.8,0,0,,,,,,,,,
single_template_plot_ID14_ID0000023_pegasus-plan_ID0000174,cpu_2,compute,0,1716392852.0,,,1716392857.0,1716392859.0,1716392875.0,129922176.2,1716392858.0,1716392892.0,1716392883.0,1716392886.0,30310.0,1716392892.0,1716392897.0,5.0,,1.0,34.0,5.0,16.0,1389826192.0,3.0,83178.0,poseidon,condorpool,poseidon-worker-2-container-36-39,single_template_plot_ID14,/usr/local/bin/pycbc_single_template_plot,,2.7,0,0,,,,,,,,,
single_template_plot_ID14_ID0000029_pegasus-plan_ID0000174,cpu_2,compute,0,1716392852.0,,,1716392857.0,1716392859.0,1716392876.0,128426736.2,1716392858.0,1716392897.0,1716392884.0,1716392887.0,51278.0,1716392897.0,1716392902.0,5.0,,1.0,39.0,5.0,17.0,1389826192.0,3.0,141428.0,poseidon,condorpool,poseidon-worker-1-container-40-43,single_template_plot_ID14,/usr/local/bin/pycbc_single_template_plot,,2.8,0,0,,,,,,,,,
single_template_plot_ID14_ID0000045_pegasus-plan_ID0000174,cpu_2,compute,0,1716392852.0,,,1716392857.0,1716392859.0,1716392875.0,132827344.6,1716392858.0,1716392892.0,1716392883.0,1716392886.0,29876.0,1716392892.0,1716392897.0,5.0,,1.0,34.0,5.0,16.0,1389826192.0,3.0,82219.0,poseidon,condorpool,poseidon-worker-1-container-24-27,single_template_plot_ID14,/usr/local/bin/pycbc_single_template_plot,,2.7,0,0,,,,,,,,,
single_template_plot_ID14_ID0000043_pegasus-plan_ID0000174,None,compute,0,1716392852.0,,,1716392857.0,1716392859.0,1716392877.0,116252170.4,1716392858.0,1716392897.0,1716392885.0,1716392888.0,35252.0,1716392897.0,1716392902.0,5.0,,1.0,39.0,5.0,18.0,1389826192.0,3.0,97669.0,poseidon,condorpool,poseidon-worker-2-container-40-43,single_template_plot_ID14,/usr/local/bin/pycbc_single_template_plot,,2.9,0,0,,,,,,,,,
single_template_plot_ID14_ID0000015_pegasus-plan_ID0000174,None,compute,0,1716392852.0,,,1716392857.0,1716392859.0,1716392879.0,94636444.9,1716392858.0,1716392897.0,1716392888.0,1716392891.0,30398.0,1716392897.0,1716392902.0,5.0,,1.0,39.0,5.0,20.0,1389826192.0,3.0,83787.0,poseidon,condorpool,poseidon-worker-2-container-40-43,single_template_plot_ID14,/usr/local/bin/pycbc_single_template_plot,,2.9,0,0,,,,,,,,,
single_template_plot_ID14_ID0000037_pegasus-plan_ID0000174,cpu_2,compute,0,1716392852.0,,,1716392857.0,1716392859.0,1716392892.0,50619617.9,1716392858.0,1716392912.0,1716392900.0,1716392903.0,36249.0,1716392912.0,1716392917.0,5.0,,1.0,54.0,5.0,33.0,1389826192.0,3.0,99192.0,poseidon,condorpool,poseidon-worker-1-container-40-43,single_template_plot_ID14,/usr/local/bin/pycbc_single_template_plot,,2.7,0,0,,,,,,,,,
single_template_plot_ID14_ID0000039_pegasus-plan_ID0000174,None,compute,0,1716392852.0,,,1716392857.0,1716392859.0,1716392877.0,111907855.8,1716392858.0,1716392897.0,1716392885.0,1716392888.0,29620.0,1716392897.0,1716392902.0,5.0,,1.0,39.0,5.0,18.0,1389826192.0,3.0,81460.0,poseidon,condorpool,poseidon-worker-2-container-4-7,single_template_plot_ID14,/usr/local/bin/pycbc_single_template_plot,,2.9,0,0,,,,,,,,,
single_template_plot_ID14_ID0000017_pegasus-plan_ID0000174,cpu_2,compute,0,1716392857.0,,,1716392862.0,1716392863.0,1716392890.0,65178427.7,1716392862.0,1716392907.0,1716392899.0,1716392901.0,30101.0,1716392907.0,1716392912.0,5.0,,0.0,45.0,5.0,27.0,1389826192.0,2.0,82129.0,poseidon,condorpool,poseidon-worker-1-container-44-47,single_template_plot_ID14,/usr/local/bin/pycbc_single_template_plot,,2.6,0,0,,,,,,,,,
single_template_plot_ID14_ID0000031_pegasus-plan_ID0000174,None,compute,0,1716392857.0,,,1716392862.0,1716392863.0,1716392894.0,55918846.5,1716392862.0,1716392912.0,1716392902.0,1716392905.0,52700.0,1716392912.0,1716392917.0,5.0,,0.0,50.0,5.0,31.0,1389826192.0,3.0,146024.0,poseidon,condorpool,poseidon-worker-2-container-0-3,single_template_plot_ID14,/usr/local/bin/pycbc_single_template_plot,,2.7,0,0,,,,,,,,,
single_template_plot_ID14_ID0000035_pegasus-plan_ID0000174,None,compute,0,1716392857.0,,,1716392862.0,1716392863.0,1716392885.0,87362190.3,1716392862.0,1716392902.0,1716392893.0,1716392896.0,30211.0,1716392902.0,1716392907.0,5.0,,0.0,40.0,5.0,22.0,1389826192.0,3.0,83353.0,poseidon,condorpool,poseidon-worker-1-container-20-23,single_template_plot_ID14,/usr/local/bin/pycbc_single_template_plot,,2.8,0,0,,,,,,,,,
single_template_plot_ID14_ID0000021_pegasus-plan_ID0000174,cpu_2,compute,0,1716392857.0,,,1716392862.0,1716392863.0,1716392886.0,78059491.6,1716392862.0,1716392907.0,1716392895.0,1716392897.0,30934.0,1716392907.0,1716392912.0,5.0,,0.0,45.0,5.0,23.0,1389826192.0,2.0,84557.0,poseidon,condorpool,poseidon-worker-1-container-32-35,single_template_plot_ID14,/usr/local/bin/pycbc_single_template_plot,,2.8,0,0,,,,,,,,,
register_condorpool_0_2_pegasus-plan_ID0000174,None,auxiliary,0,1716392857.0,,,1716392882.0,,,0.0,1716392882.0,1716392887.0,,,0.0,1716392887.0,1716392892.0,25.0,,0.0,5.0,5.0,,,,,poseidon,local,poseidon-submit,pegasus::rc-client,/mnt/poseidon-data/poseidon/pegasus-5.1.0panorama/bin/pegasus-rc-client,"-n pegasus::rc-client -N null -R local  -L H1L1V1-INJECTION_MINIFOLLOWUP_BBH-1186740100-3400 -T 2024-03-13T22:37:56+00:00 /home/poseidon/pegasus-5.1.0panorama/bin/pegasus-rc-client --prefix pegasus.catalog.replica.output --conf /mnt/poseidon-data/poseidon/workflows/pycbc/search/poseidon/submit/poseidon/pegasus/pycbc-search/run0377/00/04/./H1L1V1-INJECTION_MINIFOLLOWUP_BBH-1186740100-3400.dax_ID0000174.000/pegasus.9155004587033643843.properties -v --meta /mnt/poseidon-data/poseidon/workflows/pycbc/search/poseidon/submit/poseidon/pegasus/pycbc-search/run0377/00/04/./H1L1V1-INJECTION_MINIFOLLOWUP_BBH-1186740100-3400.dax_ID0000174.000/00/00/single_template_ID13_ID0000014.meta,/mnt/poseidon-data/poseidon/workflows/pycbc/search/poseidon/submit/poseidon/pegasus/pycbc-search/run0377/00/04/./H1L1V1-INJECTION_MINIFOLLOWUP_BBH-1186740100-3400.dax_ID0000174.000/00/00/single_template_ID13_ID0000046.meta,/mnt/poseidon-data/poseidon/workflows/pycbc/search/poseidon/submit/poseidon/pegasus/pycbc-search/run0377/00/04/./H1L1V1-INJECTION_MINIFOLLOWUP_BBH-1186740100-3400.dax_ID0000174.000/00/00/single_template_ID13_ID0000036.meta,/mnt/poseidon-data/poseidon/workflows/pycbc/search/poseidon/submit/poseidon/pegasus/pycbc-search/run0377/00/04/./H1L1V1-INJECTION_MINIFOLLOWUP_BBH-1186740100-3400.dax_ID0000174.000/00/00/plot_singles_timefreq_ID7_ID0000008.meta,/mnt/poseidon-data/poseidon/workflows/pycbc/search/poseidon/submit/poseidon/pegasus/pycbc-search/run0377/00/04/./H1L1V1-INJECTION_MINIFOLLOWUP_BBH-1186740100-3400.dax_ID0000174.000/00/00/single_template_ID13_ID0000028.meta,/mnt/poseidon-data/poseidon/workflows/pycbc/search/poseidon/submit/poseidon/pegasus/pycbc-search/run0377/00/04/./H1L1V1-INJECTION_MINIFOLLOWUP_BBH-1186740100-3400.dax_ID0000174.000/00/00/single_template_ID13_ID0000030.meta,/mnt/poseidon-data/poseidon/workflows/pycbc/search/poseidon/submit/poseidon/pegasus/pycbc-search/run0377/00/04/./H1L1V1-INJECTION_MINIFOLLOWUP_BBH-1186740100-3400.dax_ID0000174.000/00/00/plot_qscan_ID8_ID0000011.meta,/mnt/poseidon-data/poseidon/workflows/pycbc/search/poseidon/submit/poseidon/pegasus/pycbc-search/run0377/00/04/./H1L1V1-INJECTION_MINIFOLLOWUP_BBH-1186740100-3400.dax_ID0000174.000/00/00/plot_singles_timefreq_ID7_ID0000010.meta --insert /mnt/poseidon-data/poseidon/workflows/pycbc/search/poseidon/submit/poseidon/pegasus/pycbc-search/run0377/00/04/./H1L1V1-INJECTION_MINIFOLLOWUP_BBH-1186740100-3400.dax_ID0000174.000/00/00/register_condorpool_0_2.in",3.2,0,0,,,,,,,,,
register_condorpool_0_1_pegasus-plan_ID0000174,None,auxiliary,0,1716392857.0,,,1716392862.0,,,0.0,1716392863.0,1716392867.0,,,0.0,1716392867.0,1716392872.0,5.0,,1.0,4.0,5.0,,,,,poseidon,local,poseidon-submit,pegasus::rc-client,/mnt/poseidon-data/poseidon/pegasus-5.1.0panorama/bin/pegasus-rc-client,"-n pegasus::rc-client -N null -R local  -L H1L1V1-INJECTION_MINIFOLLOWUP_BBH-1186740100-3400 -T 2024-03-13T22:37:56+00:00 /home/poseidon/pegasus-5.1.0panorama/bin/pegasus-rc-client --prefix pegasus.catalog.replica.output --conf /mnt/poseidon-data/poseidon/workflows/pycbc/search/poseidon/submit/poseidon/pegasus/pycbc-search/run0377/00/04/./H1L1V1-INJECTION_MINIFOLLOWUP_BBH-1186740100-3400.dax_ID0000174.000/pegasus.9155004587033643843.properties -v --meta /mnt/poseidon-data/poseidon/workflows/pycbc/search/poseidon/submit/poseidon/pegasus/pycbc-search/run0377/00/04/./H1L1V1-INJECTION_MINIFOLLOWUP_BBH-1186740100-3400.dax_ID0000174.000/00/00/single_template_ID13_ID0000044.meta,/mnt/poseidon-data/poseidon/workflows/pycbc/search/poseidon/submit/poseidon/pegasus/pycbc-search/run0377/00/04/./H1L1V1-INJECTION_MINIFOLLOWUP_BBH-1186740100-3400.dax_ID0000174.000/00/00/page_snglinfo_ID2_ID0000005.meta,/mnt/poseidon-data/poseidon/workflows/pycbc/search/poseidon/submit/poseidon/pegasus/pycbc-search/run0377/00/04/./H1L1V1-INJECTION_MINIFOLLOWUP_BBH-1186740100-3400.dax_ID0000174.000/00/00/single_template_ID13_ID0000034.meta,/mnt/poseidon-data/poseidon/workflows/pycbc/search/poseidon/submit/poseidon/pegasus/pycbc-search/run0377/00/04/./H1L1V1-INJECTION_MINIFOLLOWUP_BBH-1186740100-3400.dax_ID0000174.000/00/00/plot_trigger_timeseries_ID5_ID0000007.meta,/mnt/poseidon-data/poseidon/workflows/pycbc/search/poseidon/submit/poseidon/pegasus/pycbc-search/run0377/00/04/./H1L1V1-INJECTION_MINIFOLLOWUP_BBH-1186740100-3400.dax_ID0000174.000/00/00/single_template_ID13_ID0000042.meta,/mnt/poseidon-data/poseidon/workflows/pycbc/search/poseidon/submit/poseidon/pegasus/pycbc-search/run0377/00/04/./H1L1V1-INJECTION_MINIFOLLOWUP_BBH-1186740100-3400.dax_ID0000174.000/00/00/single_template_ID13_ID0000026.meta,/mnt/poseidon-data/poseidon/workflows/pycbc/search/poseidon/submit/poseidon/pegasus/pycbc-search/run0377/00/04/./H1L1V1-INJECTION_MINIFOLLOWUP_BBH-1186740100-3400.dax_ID0000174.000/00/00/page_injinfo_ID0_ID0000001.meta,/mnt/poseidon-data/poseidon/workflows/pycbc/search/poseidon/submit/poseidon/pegasus/pycbc-search/run0377/00/04/./H1L1V1-INJECTION_MINIFOLLOWUP_BBH-1186740100-3400.dax_ID0000174.000/00/00/single_template_ID13_ID0000020.meta --insert /mnt/poseidon-data/poseidon/workflows/pycbc/search/poseidon/submit/poseidon/pegasus/pycbc-search/run0377/00/04/./H1L1V1-INJECTION_MINIFOLLOWUP_BBH-1186740100-3400.dax_ID0000174.000/00/00/register_condorpool_0_1.in",3.3,0,0,,,,,,,,,
single_template_plot_ID14_ID0000049_pegasus-plan_ID0000174,None,compute,0,1716392857.0,,,1716392862.0,1716392863.0,1716392879.0,134379803.0,1716392862.0,1716392897.0,1716392888.0,1716392890.0,35616.0,1716392897.0,1716392902.0,5.0,,0.0,35.0,5.0,16.0,1389826192.0,2.0,98619.0,poseidon,condorpool,poseidon-worker-1-container-16-19,single_template_plot_ID14,/usr/local/bin/pycbc_single_template_plot,,3.0,0,0,,,,,,,,,
single_template_plot_ID14_ID0000027_pegasus-plan_ID0000174,None,compute,0,1716392857.0,,,1716392862.0,1716392863.0,1716392884.0,89909048.4,1716392862.0,1716392902.0,1716392893.0,1716392895.0,56380.0,1716392902.0,1716392907.0,5.0,,0.0,40.0,5.0,21.0,1389826192.0,2.0,155849.0,poseidon,condorpool,poseidon-worker-1-container-20-23,single_template_plot_ID14,/usr/local/bin/pycbc_single_template_plot,,2.8,0,0,,,,,,,,,
single_template_plot_ID14_ID0000019_pegasus-plan_ID0000174,cpu_2,compute,0,1716392862.0,,,1716392867.0,1716392868.0,1716392886.0,113358424.0,1716392867.0,1716392907.0,1716392895.0,1716392897.0,35662.0,1716392907.0,1716392912.0,5.0,,0.0,40.0,5.0,18.0,1389826192.0,2.0,99476.0,poseidon,condorpool,poseidon-worker-1-container-44-47,single_template_plot_ID14,/usr/local/bin/pycbc_single_template_plot,,2.8,0,0,,,,,,,,,
register_condorpool_0_3_pegasus-plan_ID0000174,None,auxiliary,0,1716392862.0,,,1716392872.0,,,0.0,1716392875.0,1716392877.0,,,0.0,1716392877.0,1716392882.0,10.0,,3.0,2.0,5.0,,,,,poseidon,local,poseidon-submit,pegasus::rc-client,/mnt/poseidon-data/poseidon/pegasus-5.1.0panorama/bin/pegasus-rc-client,"-n pegasus::rc-client -N null -R local  -L H1L1V1-INJECTION_MINIFOLLOWUP_BBH-1186740100-3400 -T 2024-03-13T22:37:56+00:00 /home/poseidon/pegasus-5.1.0panorama/bin/pegasus-rc-client --prefix pegasus.catalog.replica.output --conf /mnt/poseidon-data/poseidon/workflows/pycbc/search/poseidon/submit/poseidon/pegasus/pycbc-search/run0377/00/04/./H1L1V1-INJECTION_MINIFOLLOWUP_BBH-1186740100-3400.dax_ID0000174.000/pegasus.9155004587033643843.properties -v --meta /mnt/poseidon-data/poseidon/workflows/pycbc/search/poseidon/submit/poseidon/pegasus/pycbc-search/run0377/00/04/./H1L1V1-INJECTION_MINIFOLLOWUP_BBH-1186740100-3400.dax_ID0000174.000/00/00/plot_qscan_ID8_ID0000013.meta,/mnt/poseidon-data/poseidon/workflows/pycbc/search/poseidon/submit/poseidon/pegasus/pycbc-search/run0377/00/04/./H1L1V1-INJECTION_MINIFOLLOWUP_BBH-1186740100-3400.dax_ID0000174.000/00/00/single_template_ID13_ID0000018.meta,/mnt/poseidon-data/poseidon/workflows/pycbc/search/poseidon/submit/poseidon/pegasus/pycbc-search/run0377/00/04/./H1L1V1-INJECTION_MINIFOLLOWUP_BBH-1186740100-3400.dax_ID0000174.000/00/00/single_template_ID13_ID0000038.meta,/mnt/poseidon-data/poseidon/workflows/pycbc/search/poseidon/submit/poseidon/pegasus/pycbc-search/run0377/00/04/./H1L1V1-INJECTION_MINIFOLLOWUP_BBH-1186740100-3400.dax_ID0000174.000/00/00/single_template_ID13_ID0000016.meta,/mnt/poseidon-data/poseidon/workflows/pycbc/search/poseidon/submit/poseidon/pegasus/pycbc-search/run0377/00/04/./H1L1V1-INJECTION_MINIFOLLOWUP_BBH-1186740100-3400.dax_ID0000174.000/00/00/page_coincinfo_ID1_ID0000002.meta,/mnt/poseidon-data/poseidon/workflows/pycbc/search/poseidon/submit/poseidon/pegasus/pycbc-search/run0377/00/04/./H1L1V1-INJECTION_MINIFOLLOWUP_BBH-1186740100-3400.dax_ID0000174.000/00/00/single_template_ID13_ID0000022.meta,/mnt/poseidon-data/poseidon/workflows/pycbc/search/poseidon/submit/poseidon/pegasus/pycbc-search/run0377/00/04/./H1L1V1-INJECTION_MINIFOLLOWUP_BBH-1186740100-3400.dax_ID0000174.000/00/00/single_template_ID13_ID0000048.meta --insert /mnt/poseidon-data/poseidon/workflows/pycbc/search/poseidon/submit/poseidon/pegasus/pycbc-search/run0377/00/04/./H1L1V1-INJECTION_MINIFOLLOWUP_BBH-1186740100-3400.dax_ID0000174.000/00/00/register_condorpool_0_3.in",3.2,0,0,,,,,,,,,
register_condorpool_0_0_pegasus-plan_ID0000174,None,auxiliary,0,1716392867.0,,,1716392892.0,,,0.0,1716392892.0,1716392897.0,,,0.0,1716392897.0,1716392902.0,25.0,,0.0,5.0,5.0,,,,,poseidon,local,poseidon-submit,pegasus::rc-client,/mnt/poseidon-data/poseidon/pegasus-5.1.0panorama/bin/pegasus-rc-client,"-n pegasus::rc-client -N null -R local  -L H1L1V1-INJECTION_MINIFOLLOWUP_BBH-1186740100-3400 -T 2024-03-13T22:37:56+00:00 /home/poseidon/pegasus-5.1.0panorama/bin/pegasus-rc-client --prefix pegasus.catalog.replica.output --conf /mnt/poseidon-data/poseidon/workflows/pycbc/search/poseidon/submit/poseidon/pegasus/pycbc-search/run0377/00/04/./H1L1V1-INJECTION_MINIFOLLOWUP_BBH-1186740100-3400.dax_ID0000174.000/pegasus.9155004587033643843.properties -v --meta /mnt/poseidon-data/poseidon/workflows/pycbc/search/poseidon/submit/poseidon/pegasus/pycbc-search/run0377/00/04/./H1L1V1-INJECTION_MINIFOLLOWUP_BBH-1186740100-3400.dax_ID0000174.000/00/00/page_snglinfo_ID2_ID0000004.meta,/mnt/poseidon-data/poseidon/workflows/pycbc/search/poseidon/submit/poseidon/pegasus/pycbc-search/run0377/00/04/./H1L1V1-INJECTION_MINIFOLLOWUP_BBH-1186740100-3400.dax_ID0000174.000/00/00/single_template_ID13_ID0000032.meta,/mnt/poseidon-data/poseidon/workflows/pycbc/search/poseidon/submit/poseidon/pegasus/pycbc-search/run0377/00/04/./H1L1V1-INJECTION_MINIFOLLOWUP_BBH-1186740100-3400.dax_ID0000174.000/00/00/single_template_ID13_ID0000040.meta,/mnt/poseidon-data/poseidon/workflows/pycbc/search/poseidon/submit/poseidon/pegasus/pycbc-search/run0377/00/04/./H1L1V1-INJECTION_MINIFOLLOWUP_BBH-1186740100-3400.dax_ID0000174.000/00/00/page_snglinfo_ID2_ID0000003.meta,/mnt/poseidon-data/poseidon/workflows/pycbc/search/poseidon/submit/poseidon/pegasus/pycbc-search/run0377/00/04/./H1L1V1-INJECTION_MINIFOLLOWUP_BBH-1186740100-3400.dax_ID0000174.000/00/00/single_template_ID13_ID0000024.meta,/mnt/poseidon-data/poseidon/workflows/pycbc/search/poseidon/submit/poseidon/pegasus/pycbc-search/run0377/00/04/./H1L1V1-INJECTION_MINIFOLLOWUP_BBH-1186740100-3400.dax_ID0000174.000/00/00/plot_qscan_ID8_ID0000009.meta,/mnt/poseidon-data/poseidon/workflows/pycbc/search/poseidon/submit/poseidon/pegasus/pycbc-search/run0377/00/04/./H1L1V1-INJECTION_MINIFOLLOWUP_BBH-1186740100-3400.dax_ID0000174.000/00/00/plot_trigger_timeseries_ID5_ID0000006.meta,/mnt/poseidon-data/poseidon/workflows/pycbc/search/poseidon/submit/poseidon/pegasus/pycbc-search/run0377/00/04/./H1L1V1-INJECTION_MINIFOLLOWUP_BBH-1186740100-3400.dax_ID0000174.000/00/00/plot_singles_timefreq_ID7_ID0000012.meta --insert /mnt/poseidon-data/poseidon/workflows/pycbc/search/poseidon/submit/poseidon/pegasus/pycbc-search/run0377/00/04/./H1L1V1-INJECTION_MINIFOLLOWUP_BBH-1186740100-3400.dax_ID0000174.000/00/00/register_condorpool_0_0.in",3.2,0,0,,,,,,,,,
single_template_plot_ID14_ID0000025_pegasus-plan_ID0000174,cpu_2,compute,0,1716392867.0,,,1716392872.0,1716392873.0,1716392889.0,143955252.3,1716392872.0,1716392907.0,1716392897.0,1716392900.0,36322.0,1716392907.0,1716392912.0,5.0,,0.0,35.0,5.0,16.0,1389826192.0,3.0,99939.0,poseidon,condorpool,poseidon-worker-2-container-44-47,single_template_plot_ID14,/usr/local/bin/pycbc_single_template_plot,,2.6,0,0,,,,,,,,,
stage_out_local_condorpool_1_1_pegasus-plan_ID0000174,None,transfer,0,1716392917.0,,,1716392922.0,,,0.0,1716392922.0,1716392932.0,1716392922.0,1716392926.0,223521.0,1716392932.0,1716392937.0,5.0,,0.0,10.0,5.0,,,4.0,900594.0,poseidon,local,poseidon-submit,pegasus::transfer,/mnt/poseidon-data/poseidon/pegasus-5.1.0panorama/bin/pegasus-transfer,/home/poseidon/pegasus-5.1.0panorama/bin/../bin/pegasus-kickstart  -n pegasus::transfer -N null -i - -R local  -L H1L1V1-INJECTION_MINIFOLLOWUP_BBH-1186740100-3400 -T 2024-03-13T22:37:56+00:00 /home/poseidon/pegasus-5.1.0panorama/bin/../bin/pegasus-transfer  --threads 2,1.1,0,0,,,,,,,,,
stage_out_local_condorpool_1_0_pegasus-plan_ID0000174,None,transfer,0,1716392917.0,,,1716392922.0,,,0.0,1716392922.0,1716392932.0,1716392922.0,1716392926.0,214926.0,1716392932.0,1716392937.0,5.0,,0.0,10.0,5.0,,,4.0,866649.0,poseidon,local,poseidon-submit,pegasus::transfer,/mnt/poseidon-data/poseidon/pegasus-5.1.0panorama/bin/pegasus-transfer,/home/poseidon/pegasus-5.1.0panorama/bin/../bin/pegasus-kickstart  -n pegasus::transfer -N null -i - -R local  -L H1L1V1-INJECTION_MINIFOLLOWUP_BBH-1186740100-3400 -T 2024-03-13T22:37:56+00:00 /home/poseidon/pegasus-5.1.0panorama/bin/../bin/pegasus-transfer  --threads 2,1.1,0,0,,,,,,,,,
register_condorpool_1_0_pegasus-plan_ID0000174,None,auxiliary,0,1716392937.0,,,1716392952.0,,,0.0,1716392952.0,1716392957.0,,,0.0,1716392957.0,1716392962.0,15.0,,0.0,5.0,5.0,,,,,poseidon,local,poseidon-submit,pegasus::rc-client,/mnt/poseidon-data/poseidon/pegasus-5.1.0panorama/bin/pegasus-rc-client,"-n pegasus::rc-client -N null -R local  -L H1L1V1-INJECTION_MINIFOLLOWUP_BBH-1186740100-3400 -T 2024-03-13T22:37:56+00:00 /home/poseidon/pegasus-5.1.0panorama/bin/pegasus-rc-client --prefix pegasus.catalog.replica.output --conf /mnt/poseidon-data/poseidon/workflows/pycbc/search/poseidon/submit/poseidon/pegasus/pycbc-search/run0377/00/04/./H1L1V1-INJECTION_MINIFOLLOWUP_BBH-1186740100-3400.dax_ID0000174.000/pegasus.9155004587033643843.properties -v --meta /mnt/poseidon-data/poseidon/workflows/pycbc/search/poseidon/submit/poseidon/pegasus/pycbc-search/run0377/00/04/./H1L1V1-INJECTION_MINIFOLLOWUP_BBH-1186740100-3400.dax_ID0000174.000/00/01/single_template_plot_ID14_ID0000017.meta,/mnt/poseidon-data/poseidon/workflows/pycbc/search/poseidon/submit/poseidon/pegasus/pycbc-search/run0377/00/04/./H1L1V1-INJECTION_MINIFOLLOWUP_BBH-1186740100-3400.dax_ID0000174.000/00/00/single_template_plot_ID14_ID0000033.meta,/mnt/poseidon-data/poseidon/workflows/pycbc/search/poseidon/submit/poseidon/pegasus/pycbc-search/run0377/00/04/./H1L1V1-INJECTION_MINIFOLLOWUP_BBH-1186740100-3400.dax_ID0000174.000/00/01/single_template_plot_ID14_ID0000049.meta,/mnt/poseidon-data/poseidon/workflows/pycbc/search/poseidon/submit/poseidon/pegasus/pycbc-search/run0377/00/04/./H1L1V1-INJECTION_MINIFOLLOWUP_BBH-1186740100-3400.dax_ID0000174.000/00/01/single_template_plot_ID14_ID0000023.meta,/mnt/poseidon-data/poseidon/workflows/pycbc/search/poseidon/submit/poseidon/pegasus/pycbc-search/run0377/00/04/./H1L1V1-INJECTION_MINIFOLLOWUP_BBH-1186740100-3400.dax_ID0000174.000/00/00/single_template_plot_ID14_ID0000037.meta,/mnt/poseidon-data/poseidon/workflows/pycbc/search/poseidon/submit/poseidon/pegasus/pycbc-search/run0377/00/04/./H1L1V1-INJECTION_MINIFOLLOWUP_BBH-1186740100-3400.dax_ID0000174.000/00/01/single_template_plot_ID14_ID0000045.meta,/mnt/poseidon-data/poseidon/workflows/pycbc/search/poseidon/submit/poseidon/pegasus/pycbc-search/run0377/00/04/./H1L1V1-INJECTION_MINIFOLLOWUP_BBH-1186740100-3400.dax_ID0000174.000/00/01/single_template_plot_ID14_ID0000019.meta,/mnt/poseidon-data/poseidon/workflows/pycbc/search/poseidon/submit/poseidon/pegasus/pycbc-search/run0377/00/04/./H1L1V1-INJECTION_MINIFOLLOWUP_BBH-1186740100-3400.dax_ID0000174.000/00/00/single_template_plot_ID14_ID0000041.meta,/mnt/poseidon-data/poseidon/workflows/pycbc/search/poseidon/submit/poseidon/pegasus/pycbc-search/run0377/00/04/./H1L1V1-INJECTION_MINIFOLLOWUP_BBH-1186740100-3400.dax_ID0000174.000/00/01/single_template_plot_ID14_ID0000027.meta --insert /mnt/poseidon-data/poseidon/workflows/pycbc/search/poseidon/submit/poseidon/pegasus/pycbc-search/run0377/00/04/./H1L1V1-INJECTION_MINIFOLLOWUP_BBH-1186740100-3400.dax_ID0000174.000/00/01/register_condorpool_1_0.in",3.2,0,0,,,,,,,,,
register_condorpool_1_1_pegasus-plan_ID0000174,None,auxiliary,0,1716392937.0,,,1716392942.0,,,0.0,1716392942.0,1716392947.0,,,0.0,1716392947.0,1716392952.0,5.0,,0.0,5.0,5.0,,,,,poseidon,local,poseidon-submit,pegasus::rc-client,/mnt/poseidon-data/poseidon/pegasus-5.1.0panorama/bin/pegasus-rc-client,"-n pegasus::rc-client -N null -R local  -L H1L1V1-INJECTION_MINIFOLLOWUP_BBH-1186740100-3400 -T 2024-03-13T22:37:56+00:00 /home/poseidon/pegasus-5.1.0panorama/bin/pegasus-rc-client --prefix pegasus.catalog.replica.output --conf /mnt/poseidon-data/poseidon/workflows/pycbc/search/poseidon/submit/poseidon/pegasus/pycbc-search/run0377/00/04/./H1L1V1-INJECTION_MINIFOLLOWUP_BBH-1186740100-3400.dax_ID0000174.000/pegasus.9155004587033643843.properties -v --meta /mnt/poseidon-data/poseidon/workflows/pycbc/search/poseidon/submit/poseidon/pegasus/pycbc-search/run0377/00/04/./H1L1V1-INJECTION_MINIFOLLOWUP_BBH-1186740100-3400.dax_ID0000174.000/00/01/single_template_plot_ID14_ID0000021.meta,/mnt/poseidon-data/poseidon/workflows/pycbc/search/poseidon/submit/poseidon/pegasus/pycbc-search/run0377/00/04/./H1L1V1-INJECTION_MINIFOLLOWUP_BBH-1186740100-3400.dax_ID0000174.000/00/01/single_template_plot_ID14_ID0000031.meta,/mnt/poseidon-data/poseidon/workflows/pycbc/search/poseidon/submit/poseidon/pegasus/pycbc-search/run0377/00/04/./H1L1V1-INJECTION_MINIFOLLOWUP_BBH-1186740100-3400.dax_ID0000174.000/00/01/single_template_plot_ID14_ID0000029.meta,/mnt/poseidon-data/poseidon/workflows/pycbc/search/poseidon/submit/poseidon/pegasus/pycbc-search/run0377/00/04/./H1L1V1-INJECTION_MINIFOLLOWUP_BBH-1186740100-3400.dax_ID0000174.000/00/00/single_template_plot_ID14_ID0000043.meta,/mnt/poseidon-data/poseidon/workflows/pycbc/search/poseidon/submit/poseidon/pegasus/pycbc-search/run0377/00/04/./H1L1V1-INJECTION_MINIFOLLOWUP_BBH-1186740100-3400.dax_ID0000174.000/00/00/single_template_plot_ID14_ID0000039.meta,/mnt/poseidon-data/poseidon/workflows/pycbc/search/poseidon/submit/poseidon/pegasus/pycbc-search/run0377/00/04/./H1L1V1-INJECTION_MINIFOLLOWUP_BBH-1186740100-3400.dax_ID0000174.000/00/00/single_template_plot_ID14_ID0000035.meta,/mnt/poseidon-data/poseidon/workflows/pycbc/search/poseidon/submit/poseidon/pegasus/pycbc-search/run0377/00/04/./H1L1V1-INJECTION_MINIFOLLOWUP_BBH-1186740100-3400.dax_ID0000174.000/00/01/single_template_plot_ID14_ID0000015.meta,/mnt/poseidon-data/poseidon/workflows/pycbc/search/poseidon/submit/poseidon/pegasus/pycbc-search/run0377/00/04/./H1L1V1-INJECTION_MINIFOLLOWUP_BBH-1186740100-3400.dax_ID0000174.000/00/01/single_template_plot_ID14_ID0000025.meta,/mnt/poseidon-data/poseidon/workflows/pycbc/search/poseidon/submit/poseidon/pegasus/pycbc-search/run0377/00/04/./H1L1V1-INJECTION_MINIFOLLOWUP_BBH-1186740100-3400.dax_ID0000174.000/00/01/single_template_plot_ID14_ID0000047.meta --insert /mnt/poseidon-data/poseidon/workflows/pycbc/search/poseidon/submit/poseidon/pegasus/pycbc-search/run0377/00/04/./H1L1V1-INJECTION_MINIFOLLOWUP_BBH-1186740100-3400.dax_ID0000174.000/00/01/register_condorpool_1_1.in",3.5,0,0,,,,,,,,,
cleanup_pycbc-search_0_condorpool,None,auxiliary,0,1716392965.0,,,1716392970.0,,,0.0,1716392970.0,1716392980.0,,,0.0,1716392980.0,1716392985.0,5.0,,0.0,10.0,5.0,,,,,poseidon,local,poseidon-submit,pegasus::cleanup,/mnt/poseidon-data/poseidon/pegasus-5.1.0panorama/bin/pegasus-transfer,pegasus-kickstart  -n pegasus::cleanup -N null -i - -R local  -L pycbc-search -T 2024-03-27T21:26:08+00:00 pegasus-transfer,0.3,0,0,,,,,,,,,
cleanup_pycbc-search_0_local,None,auxiliary,0,1716392965.0,,,1716392970.0,,,0.0,1716392970.0,1716392980.0,,,0.0,1716392980.0,1716392985.0,5.0,,0.0,10.0,5.0,,,,,poseidon,local,poseidon-submit,pegasus::cleanup,/mnt/poseidon-data/poseidon/pegasus-5.1.0panorama/bin/pegasus-transfer,pegasus-kickstart  -n pegasus::cleanup -N null -i - -R local  -L pycbc-search -T 2024-03-27T21:26:08+00:00 pegasus-transfer,0.3,0,0,,,,,,,,,
